 0.00000000e+00  0.00000000e+00  0.00000000e+00  0.00000000e+00  0.00000000e+00  0.00000000e+00  0.00000000e+00  0.00000000e+00  0.00000000e+00  0.00000000e+00 
 2.00000000e-07  1.25663673e-03  2.00000000e-07  3.14159183e-04  2.00000000e-07  6.28318365e-04  2.00000000e-07  9.42477548e-04  2.00000000e-07  1.25663673e-03 
 4.00000000e-07  2.51327148e-03  4.00000000e-07  6.28317869e-04  4.00000000e-07  1.25663574e-03  4.00000000e-07  1.88495361e-03  4.00000000e-07  2.51327148e-03 
 8.00000000e-07  5.02652708e-03  8.00000000e-07  1.25663177e-03  8.00000000e-07  2.51326354e-03  8.00000000e-07  3.76989531e-03  8.00000000e-07  5.02652708e-03 
 1.60000000e-06  1.00529272e-02  1.60000000e-06  2.51323179e-03  1.60000000e-06  5.02646358e-03  1.60000000e-06  7.53969537e-03  1.60000000e-06  1.00529272e-02 
 3.20000000e-06  2.01048383e-02  3.20000000e-06  5.02620958e-03  3.20000000e-06  1.00524192e-02  3.20000000e-06  1.50786287e-02  3.20000000e-06  2.01048383e-02 
 6.40000000e-06  4.02015494e-02  6.40000000e-06  1.00503873e-02  6.40000000e-06  2.01007747e-02  6.40000000e-06  3.01511620e-02  6.40000000e-06  4.02015494e-02 
 1.28000000e-05  8.03381001e-02  1.28000000e-05  2.00845250e-02  1.28000000e-05  4.01690501e-02  1.28000000e-05  6.02535751e-02  1.28000000e-05  8.03381001e-02 
 2.56000000e-05  1.60156842e-01  2.56000000e-05  4.00392105e-02  2.56000000e-05  8.00784210e-02  2.56000000e-05  1.20117631e-01  2.56000000e-05  1.60156842e-01 
 5.12000000e-05  3.16178940e-01  5.12000000e-05  7.90447350e-02  5.12000000e-05  1.58089470e-01  5.12000000e-05  2.37134205e-01  5.12000000e-05  3.16178940e-01 
 9.12000000e-05  5.42177587e-01  9.12000000e-05  1.35544397e-01  9.12000000e-05  2.71088793e-01  9.12000000e-05  4.06633190e-01  9.12000000e-05  5.42177587e-01 
 1.31200000e-04  7.34109222e-01  1.31200000e-04  1.83527305e-01  1.31200000e-04  3.67054611e-01  1.31200000e-04  5.50581916e-01  1.31200000e-04  7.34109222e-01 
 1.71200000e-04  8.79914074e-01  1.71200000e-04  2.19978519e-01  1.71200000e-04  4.39957037e-01  1.71200000e-04  6.59935556e-01  1.71200000e-04  8.79914074e-01 
 2.11200000e-04  9.70430690e-01  2.11200000e-04  2.42607672e-01  2.11200000e-04  4.85215345e-01  2.11200000e-04  7.27823017e-01  2.11200000e-04  9.70430690e-01 
 2.51200000e-04  9.99971576e-01  2.51200000e-04  2.49992894e-01  2.51200000e-04  4.99985788e-01  2.51200000e-04  7.49978682e-01  2.51200000e-04  9.99971576e-01 
 2.91200000e-04  9.66680570e-01  2.91200000e-04  2.41670142e-01  2.91200000e-04  4.83340285e-01  2.91200000e-04  7.25010427e-01  2.91200000e-04  9.66680570e-01 
 3.31200000e-04  8.72649469e-01  3.31200000e-04  2.18162367e-01  3.31200000e-04  4.36324734e-01  3.31200000e-04  6.54487102e-01  3.31200000e-04  8.72649469e-01 
 3.71200000e-04  7.23786592e-01  3.71200000e-04  1.80946648e-01  3.71200000e-04  3.61893296e-01  3.71200000e-04  5.42839944e-01  3.71200000e-04  7.23786592e-01 
 4.11200000e-04  5.29445542e-01  4.11200000e-04  1.32361386e-01  4.11200000e-04  2.64722771e-01  4.11200000e-04  3.97084157e-01  4.11200000e-04  5.29445542e-01 
 4.51200000e-04  3.01837482e-01  4.51200000e-04  7.54593704e-02  4.51200000e-04  1.50918741e-01  4.51200000e-04  2.26378111e-01  4.51200000e-04  3.01837482e-01 
 4.91200000e-04  5.52638618e-02  4.91200000e-04  1.38159654e-02  4.91200000e-04  2.76319309e-02  4.91200000e-04  4.14478963e-02  4.91200000e-04  5.52638618e-02 
 5.31200000e-04 -1.94782190e-01  5.31200000e-04 -4.86955474e-02  5.31200000e-04 -9.73910948e-02  5.31200000e-04 -1.46086642e-01  5.31200000e-04 -1.94782190e-01 
 5.71200000e-04 -4.32589360e-01  5.71200000e-04 -1.08147340e-01  5.71200000e-04 -2.16294680e-01  5.71200000e-04 -3.24442020e-01  5.71200000e-04 -4.32589360e-01 
 6.11200000e-04 -6.43215349e-01  6.11200000e-04 -1.60803837e-01  6.11200000e-04 -3.21607675e-01  6.11200000e-04 -4.82411512e-01  6.11200000e-04 -6.43215349e-01 
 6.51200000e-04 -8.13425753e-01  6.51200000e-04 -2.03356438e-01  6.51200000e-04 -4.06712877e-01  6.51200000e-04 -6.10069315e-01  6.51200000e-04 -8.13425753e-01 
 6.91200000e-04 -9.32525625e-01  6.91200000e-04 -2.33131406e-01  6.91200000e-04 -4.66262813e-01  6.91200000e-04 -6.99394219e-01  6.91200000e-04 -9.32525625e-01 
 7.31200000e-04 -9.93031482e-01  7.31200000e-04 -2.48257871e-01  7.31200000e-04 -4.96515741e-01  7.31200000e-04 -7.44773612e-01  7.31200000e-04 -9.93031482e-01 
 7.71200000e-04 -9.91141520e-01  7.71200000e-04 -2.47785380e-01  7.71200000e-04 -4.95570760e-01  7.71200000e-04 -7.43356140e-01  7.71200000e-04 -9.91141520e-01 
 8.11200000e-04 -9.26974490e-01  8.11200000e-04 -2.31743623e-01  8.11200000e-04 -4.63487245e-01  8.11200000e-04 -6.95230868e-01  8.11200000e-04 -9.26974490e-01 
 8.51200000e-04 -8.04562244e-01  8.51200000e-04 -2.01140561e-01  8.51200000e-04 -4.02281122e-01  8.51200000e-04 -6.03421683e-01  8.51200000e-04 -8.04562244e-01 
 8.91200000e-04 -6.31596393e-01  8.91200000e-04 -1.57899098e-01  8.91200000e-04 -3.15798197e-01  8.91200000e-04 -4.73697295e-01  8.91200000e-04 -6.31596393e-01 
 9.31200000e-04 -4.18945018e-01  9.31200000e-04 -1.04736255e-01  9.31200000e-04 -2.09472509e-01  9.31200000e-04 -3.14208764e-01  9.31200000e-04 -4.18945018e-01 
 9.71200000e-04 -1.79969787e-01  9.71200000e-04 -4.49924468e-02  9.71200000e-04 -8.99848936e-02  9.71200000e-04 -1.34977340e-01  9.71200000e-04 -1.79969787e-01 
 1.01120000e-03  7.03136077e-02  1.01120000e-03  1.75784019e-02  1.01120000e-03  3.51568039e-02  1.01120000e-03  5.27352058e-02  1.01120000e-03  7.03136077e-02 
 1.05120000e-03  3.16178940e-01  1.05120000e-03  7.90447350e-02  1.05120000e-03  1.58089470e-01  1.05120000e-03  2.37134205e-01  1.05120000e-03  3.16178940e-01 
 1.09120000e-03  5.42177587e-01  1.09120000e-03  1.35544397e-01  1.09120000e-03  2.71088793e-01  1.09120000e-03  4.06633190e-01  1.09120000e-03  5.42177587e-01 
 1.13120000e-03  7.34109222e-01  1.13120000e-03  1.83527305e-01  1.13120000e-03  3.67054611e-01  1.13120000e-03  5.50581916e-01  1.13120000e-03  7.34109222e-01 
 1.17120000e-03  8.79914074e-01  1.17120000e-03  2.19978519e-01  1.17120000e-03  4.39957037e-01  1.17120000e-03  6.59935556e-01  1.17120000e-03  8.79914074e-01 
 1.21120000e-03  9.70430690e-01  1.21120000e-03  2.42607672e-01  1.21120000e-03  4.85215345e-01  1.21120000e-03  7.27823017e-01  1.21120000e-03  9.70430690e-01 
 1.25120000e-03  9.99971576e-01  1.25120000e-03  2.49992894e-01  1.25120000e-03  4.99985788e-01  1.25120000e-03  7.49978682e-01  1.25120000e-03  9.99971576e-01 
 1.29120000e-03  9.66680570e-01  1.29120000e-03  2.41670142e-01  1.29120000e-03  4.83340285e-01  1.29120000e-03  7.25010427e-01  1.29120000e-03  9.66680570e-01 
 1.33120000e-03  8.72649469e-01  1.33120000e-03  2.18162367e-01  1.33120000e-03  4.36324734e-01  1.33120000e-03  6.54487102e-01  1.33120000e-03  8.72649469e-01 
 1.37120000e-03  7.23786592e-01  1.37120000e-03  1.80946648e-01  1.37120000e-03  3.61893296e-01  1.37120000e-03  5.42839944e-01  1.37120000e-03  7.23786592e-01 
 1.41120000e-03  5.29445542e-01  1.41120000e-03  1.32361386e-01  1.41120000e-03  2.64722771e-01  1.41120000e-03  3.97084157e-01  1.41120000e-03  5.29445542e-01 
 1.45120000e-03  3.01837482e-01  1.45120000e-03  7.54593704e-02  1.45120000e-03  1.50918741e-01  1.45120000e-03  2.26378111e-01  1.45120000e-03  3.01837482e-01 
 1.49120000e-03  5.52638618e-02  1.49120000e-03  1.38159654e-02  1.49120000e-03  2.76319309e-02  1.49120000e-03  4.14478963e-02  1.49120000e-03  5.52638618e-02 
 1.53120000e-03 -1.94782190e-01  1.53120000e-03 -4.86955474e-02  1.53120000e-03 -9.73910948e-02  1.53120000e-03 -1.46086642e-01  1.53120000e-03 -1.94782190e-01 
 1.57120000e-03 -4.32589360e-01  1.57120000e-03 -1.08147340e-01  1.57120000e-03 -2.16294680e-01  1.57120000e-03 -3.24442020e-01  1.57120000e-03 -4.32589360e-01 
 1.61120000e-03 -6.43215349e-01  1.61120000e-03 -1.60803837e-01  1.61120000e-03 -3.21607675e-01  1.61120000e-03 -4.82411512e-01  1.61120000e-03 -6.43215349e-01 
 1.65120000e-03 -8.13425753e-01  1.65120000e-03 -2.03356438e-01  1.65120000e-03 -4.06712877e-01  1.65120000e-03 -6.10069315e-01  1.65120000e-03 -8.13425753e-01 
 1.69120000e-03 -9.32525625e-01  1.69120000e-03 -2.33131406e-01  1.69120000e-03 -4.66262813e-01  1.69120000e-03 -6.99394219e-01  1.69120000e-03 -9.32525625e-01 
 1.73120000e-03 -9.93031482e-01  1.73120000e-03 -2.48257871e-01  1.73120000e-03 -4.96515741e-01  1.73120000e-03 -7.44773612e-01  1.73120000e-03 -9.93031482e-01 
 1.77120000e-03 -9.91141520e-01  1.77120000e-03 -2.47785380e-01  1.77120000e-03 -4.95570760e-01  1.77120000e-03 -7.43356140e-01  1.77120000e-03 -9.91141520e-01 
 1.81120000e-03 -9.26974490e-01  1.81120000e-03 -2.31743623e-01  1.81120000e-03 -4.63487245e-01  1.81120000e-03 -6.95230868e-01  1.81120000e-03 -9.26974490e-01 
 1.85120000e-03 -8.04562244e-01  1.85120000e-03 -2.01140561e-01  1.85120000e-03 -4.02281122e-01  1.85120000e-03 -6.03421683e-01  1.85120000e-03 -8.04562244e-01 
 1.89120000e-03 -6.31596393e-01  1.89120000e-03 -1.57899098e-01  1.89120000e-03 -3.15798197e-01  1.89120000e-03 -4.73697295e-01  1.89120000e-03 -6.31596393e-01 
 1.93120000e-03 -4.18945018e-01  1.93120000e-03 -1.04736255e-01  1.93120000e-03 -2.09472509e-01  1.93120000e-03 -3.14208764e-01  1.93120000e-03 -4.18945018e-01 
 1.96560000e-03 -2.14462580e-01  1.96560000e-03 -5.36156451e-02  1.96560000e-03 -1.07231290e-01  1.96560000e-03 -1.60846935e-01  1.96560000e-03 -2.14462580e-01 
 2.00000000e-03 -4.89858720e-16  2.00000000e-03 -1.22464680e-16  2.00000000e-03 -2.44929360e-16  2.00000000e-03 -3.67394040e-16  2.00000000e-03 -4.89858720e-16 
