 1.00000000e+06  0.00000000e+00  1.00000000e+06 -6.28318531e-02 
 1.04746994e+06  0.00000000e+00  1.04746994e+06 -6.58144772e-02 
 1.09719327e+06  0.00000000e+00  1.09719327e+06 -6.89386862e-02 
 1.14927696e+06 -1.92865493e-15  1.14927696e+06 -7.22112013e-02 
 1.20383307e+06  0.00000000e+00  1.20383307e+06 -7.56390625e-02 
 1.26097895e+06 -9.64327467e-16  1.26097895e+06 -7.92296440e-02 
 1.32083754e+06  0.00000000e+00  1.32083754e+06 -8.29906702e-02 
 1.38353761e+06  0.00000000e+00  1.38353761e+06 -8.69302320e-02 
 1.44921406e+06  1.92865493e-15  1.44921406e+06 -9.10568046e-02 
 1.51800816e+06 -9.64327467e-16  1.51800816e+06 -9.53792654e-02 
 1.59006791e+06 -9.64327467e-16  1.59006791e+06 -9.99069131e-02 
 1.66554833e+06  0.00000000e+00  1.66554833e+06 -1.04649488e-01 
 1.74461180e+06  0.00000000e+00  1.74461180e+06 -1.09617192e-01 
 1.82742842e+06 -1.92865493e-15  1.82742842e+06 -1.14820714e-01 
 1.91417633e+06  0.00000000e+00  1.91417633e+06 -1.20271246e-01 
 2.00504216e+06 -3.85730987e-15  2.00504216e+06 -1.25980514e-01 
 2.10022138e+06  0.00000000e+00  2.10022138e+06 -1.31960801e-01 
 2.19991876e+06 -9.64327467e-16  2.19991876e+06 -1.38224972e-01 
 2.30434876e+06  1.92865493e-15  2.30434876e+06 -1.44786503e-01 
 2.41373605e+06 -9.64327467e-16  2.41373605e+06 -1.51659509e-01 
 2.52831595e+06  1.92865493e-15  2.52831595e+06 -1.58858776e-01 
 2.64833495e+06  1.92865493e-15  2.64833495e+06 -1.66399792e-01 
 2.77405124e+06 -9.64327467e-16  2.77405124e+06 -1.74298780e-01 
 2.90573527e+06  0.00000000e+00  2.90573527e+06 -1.82572732e-01 
 3.04367034e+06  1.92865493e-15  3.04367034e+06 -1.91239448e-01 
 3.18815318e+06  0.00000000e+00  3.18815318e+06 -2.00317572e-01 
 3.33949461e+06 -9.64327467e-16  3.33949461e+06 -2.09826635e-01 
 3.49802021e+06  0.00000000e+00  3.49802021e+06 -2.19787092e-01 
 3.66407101e+06  0.00000000e+00  3.66407101e+06 -2.30220371e-01 
 3.83800423e+06 -2.89298240e-15  3.83800423e+06 -2.41148918e-01 
 4.02019404e+06 -9.64327467e-16  4.02019404e+06 -2.52596242e-01 
 4.21103240e+06 -2.89298240e-15  4.21103240e+06 -2.64586969e-01 
 4.41092984e+06  0.00000000e+00  4.41092984e+06 -2.77146896e-01 
 4.62031640e+06  0.00000000e+00  4.62031640e+06 -2.90303041e-01 
 4.83964253e+06  1.92865493e-15  4.83964253e+06 -3.04083708e-01 
 5.06938006e+06 -1.92865493e-15  5.06938006e+06 -3.18518543e-01 
 5.31002321e+06 -2.89298240e-15  5.31002321e+06 -3.33638598e-01 
 5.56208967e+06  1.92865493e-15  5.56208967e+06 -3.49476401e-01 
 5.82612172e+06 -9.64327467e-16  5.82612172e+06 -3.66066024e-01 
 6.10268735e+06  0.00000000e+00  6.10268735e+06 -3.83443155e-01 
 6.39238153e+06 -1.92865493e-15  6.39238153e+06 -4.01645177e-01 
 6.69582747e+06 -1.92865493e-15  6.69582747e+06 -4.20711248e-01 
 7.01367798e+06 -9.64327467e-16  7.01367798e+06 -4.40682384e-01 
 7.34661683e+06 -2.89298240e-15  7.34661683e+06 -4.61601549e-01 
 7.69536027e+06 -2.89298240e-15  7.69536027e+06 -4.83513746e-01 
 8.06065853e+06 -2.89298240e-15  8.06065853e+06 -5.06466113e-01 
 8.44329748e+06 -9.64327467e-16  8.44329748e+06 -5.30508027e-01 
 8.84410028e+06  0.00000000e+00  8.84410028e+06 -5.55691209e-01 
 9.26392916e+06  1.92865493e-15  9.26392916e+06 -5.82069836e-01 
 9.70368729e+06  0.00000000e+00  9.70368729e+06 -6.09700654e-01 
 1.01643207e+07  0.00000000e+00  1.01643207e+07 -6.38643106e-01 
 1.06468204e+07  1.92865493e-15  1.06468204e+07 -6.68959453e-01 
 1.11522243e+07  0.00000000e+00  1.11522243e+07 -7.00714916e-01 
 1.16816196e+07 -9.64327467e-16  1.16816196e+07 -7.33977809e-01 
 1.22361454e+07  0.00000000e+00  1.22361454e+07 -7.68819689e-01 
 1.28169944e+07  0.00000000e+00  1.28169944e+07 -8.05315511e-01 
 1.34254164e+07 -2.89298240e-15  1.34254164e+07 -8.43543788e-01 
 1.40627200e+07  1.92865493e-15  1.40627200e+07 -8.83586758e-01 
 1.47302764e+07  0.00000000e+00  1.47302764e+07 -9.25530565e-01 
 1.54295217e+07  0.00000000e+00  1.54295217e+07 -9.69465443e-01 
 1.61619602e+07  0.00000000e+00  1.61619602e+07 -1.01548591e+00 
 1.69291674e+07 -1.92865493e-15  1.69291674e+07 -1.06369096e+00 
 1.77327939e+07 -2.89298240e-15  1.77327939e+07 -1.11418430e+00 
 1.85745685e+07  0.00000000e+00  1.85745685e+07 -1.16707456e+00 
 1.94563021e+07  1.92865493e-15  1.94563021e+07 -1.22247551e+00 
 2.03798915e+07  1.92865493e-15  2.03798915e+07 -1.28050635e+00 
 2.13473237e+07  0.00000000e+00  2.13473237e+07 -1.34129190e+00 
 2.23606798e+07  1.92865493e-15  2.23606798e+07 -1.40496295e+00 
 2.34221398e+07  0.00000000e+00  2.34221398e+07 -1.47165645e+00 
 2.45339873e+07  1.92865493e-15  2.45339873e+07 -1.54151589e+00 
 2.56986142e+07  0.00000000e+00  2.56986142e+07 -1.61469155e+00 
 2.69185257e+07  1.92865493e-15  2.69185257e+07 -1.69134085e+00 
 2.81963465e+07 -2.89298240e-15  2.81963465e+07 -1.77162870e+00 
 2.95348252e+07  0.00000000e+00  2.95348252e+07 -1.85572780e+00 
 3.09368415e+07 -9.64327467e-16  3.09368415e+07 -1.94381908e+00 
 3.24054114e+07  0.00000000e+00  3.24054114e+07 -2.03609205e+00 
 3.39436943e+07  0.00000000e+00  3.39436943e+07 -2.13274521e+00 
 3.55549993e+07 -9.64327467e-16  3.55549993e+07 -2.23398649e+00 
 3.72427928e+07  0.00000000e+00  3.72427928e+07 -2.34003369e+00 
 3.90107059e+07  0.00000000e+00  3.90107059e+07 -2.45111494e+00 
 4.08625416e+07 -1.92865493e-15  4.08625416e+07 -2.56746921e+00 
 4.28022839e+07 -9.64327467e-16  4.28022839e+07 -2.68934681e+00 
 4.48341056e+07  1.92865493e-15  4.48341056e+07 -2.81700993e+00 
 4.69623777e+07  0.00000000e+00  4.69623777e+07 -2.95073322e+00 
 4.91916788e+07 -3.85730987e-15  4.91916788e+07 -3.09080434e+00 
 5.15268047e+07 -9.64327467e-16  5.15268047e+07  3.04566068e+00 
 5.39727789e+07 -9.64327467e-16  5.39727789e+07  2.89197560e+00 
 5.65348633e+07  1.92865493e-15  5.65348633e+07  2.73099509e+00 
 5.92185696e+07  0.00000000e+00  5.92185696e+07  2.56237284e+00 
 6.20296714e+07  0.00000000e+00  6.20296714e+07  2.38574611e+00 
 6.49742160e+07 -1.92865493e-15  6.49742160e+07  2.20073492e+00 
 6.80585379e+07 -2.89298240e-15  6.80585379e+07  2.00694125e+00 
 7.12892724e+07 -9.64327467e-16  7.12892724e+07  1.80394822e+00 
 7.46733696e+07 -9.64327467e-16  7.46733696e+07  1.59131912e+00 
 7.82181098e+07 -1.92865493e-15  7.82181098e+07  1.36859653e+00 
 8.19311185e+07  0.00000000e+00  8.19311185e+07  1.13530131e+00 
 8.58203835e+07 -1.92865493e-15  8.58203835e+07  8.90931581e-01 
 8.98942717e+07 -9.64327467e-16  8.98942717e+07  6.34961638e-01 
 9.41615471e+07 -9.64327467e-16  9.41615471e+07  3.66840818e-01 
 9.86313897e+07 -1.92865493e-15  9.86313897e+07  8.59923191e-02 
 1.03313416e+08  0.00000000e+00  1.03313416e+08 -2.08188040e-01 
 1.08217697e+08 -2.89298240e-15  1.08217697e+08 -5.16333122e-01 
 1.13354784e+08  0.00000000e+00  1.13354784e+08 -8.39105832e-01 
 1.18735729e+08 -9.64327467e-16  1.18735729e+08 -1.17720054e+00 
 1.24372106e+08 -2.89298240e-15  1.24372106e+08 -1.53134459e+00 
 1.30276042e+08 -1.92865493e-15  1.30276042e+08 -1.90229982e+00 
 1.36460238e+08 -1.92865493e-15  1.36460238e+08 -2.29086429e+00 
 1.42937996e+08 -1.92865493e-15  1.42937996e+08 -2.69787388e+00 
 1.49723254e+08  0.00000000e+00  1.49723254e+08 -3.12420419e+00 
 1.56830607e+08 -1.92865493e-15  1.56830607e+08  2.71241293e+00 
 1.64275346e+08  0.00000000e+00  1.64275346e+08  2.24464619e+00 
 1.72073487e+08  0.00000000e+00  1.72073487e+08  1.75467458e+00 
 1.80241804e+08  0.00000000e+00  1.80241804e+08  1.24144405e+00 
 1.88797871e+08  0.00000000e+00  1.88797871e+08  7.03850507e-01 
 1.97760094e+08  1.92865493e-15  1.97760094e+08  1.40737428e-01 
 2.07147753e+08 -1.92865493e-15  2.07147753e+08 -4.49106593e-01 
 2.16981044e+08  0.00000000e+00  2.16981044e+08 -1.06695047e+00 
 2.27281121e+08  1.92865493e-15  2.27281121e+08 -1.71412336e+00 
 2.38070141e+08  0.00000000e+00  2.38070141e+08 -2.39201751e+00 
 2.49371316e+08 -1.92865493e-15  2.49371316e+08 -3.10209124e+00 
 2.61208956e+08 -2.89298240e-15  2.61208956e+08  2.43731317e+00 
 2.73608529e+08 -1.92865493e-15  2.73608529e+08  1.65822505e+00 
 2.86596708e+08  0.00000000e+00  2.86596708e+08  8.42153656e-01 
 3.00201436e+08 -2.89298240e-15  3.00201436e+08 -1.26565899e-02 
 3.14451979e+08  0.00000000e+00  3.14451979e+08 -9.08044624e-01 
 3.29378995e+08 -2.89298240e-15  3.29378995e+08 -1.84593667e+00 
 3.45014595e+08 -9.64327467e-16  3.45014595e+08 -2.82835040e+00 
 3.61392416e+08  0.00000000e+00  3.61392416e+08  2.42578607e+00 
 3.78547691e+08  0.00000000e+00  3.78547691e+08  1.34788835e+00 
 3.96517326e+08  1.92865493e-15  3.96517326e+08  2.18822884e-01 
 4.15339978e+08  0.00000000e+00  4.15339978e+08 -9.63839243e-01 
 4.35056140e+08 -2.89298240e-15  4.35056140e+08 -2.20264227e+00 
 4.55708228e+08 -9.64327467e-16  4.55708228e+08  2.78293412e+00 
 4.77340669e+08 -1.92865493e-15  4.77340669e+08  1.42372778e+00 
 5.00000000e+08  0.00000000e+00  5.00000000e+08 -2.16379066e-13 
