 1.00000000e+03  0.00000000e+00  1.00000000e+03  0.00000000e+00 
 1.12201845e+03  0.00000000e+00  1.12201845e+03  0.00000000e+00 
 1.25892541e+03  0.00000000e+00  1.25892541e+03  0.00000000e+00 
 1.41253754e+03  0.00000000e+00  1.41253754e+03  0.00000000e+00 
 1.58489319e+03  0.00000000e+00  1.58489319e+03  0.00000000e+00 
 1.77827941e+03  0.00000000e+00  1.77827941e+03  0.00000000e+00 
 1.99526231e+03  0.00000000e+00  1.99526231e+03  0.00000000e+00 
 2.23872114e+03  0.00000000e+00  2.23872114e+03  0.00000000e+00 
 2.51188643e+03  0.00000000e+00  2.51188643e+03  0.00000000e+00 
 2.81838293e+03  0.00000000e+00  2.81838293e+03  0.00000000e+00 
 3.16227766e+03  0.00000000e+00  3.16227766e+03  0.00000000e+00 
 3.54813389e+03  0.00000000e+00  3.54813389e+03  0.00000000e+00 
 3.98107171e+03  0.00000000e+00  3.98107171e+03  0.00000000e+00 
 4.46683592e+03  0.00000000e+00  4.46683592e+03  0.00000000e+00 
 5.01187234e+03  0.00000000e+00  5.01187234e+03  0.00000000e+00 
 5.62341325e+03  0.00000000e+00  5.62341325e+03  0.00000000e+00 
 6.30957344e+03  0.00000000e+00  6.30957344e+03  0.00000000e+00 
 7.07945784e+03  0.00000000e+00  7.07945784e+03  0.00000000e+00 
 7.94328235e+03  0.00000000e+00  7.94328235e+03  0.00000000e+00 
 8.91250938e+03  0.00000000e+00  8.91250938e+03  0.00000000e+00 
 1.00000000e+04  0.00000000e+00  1.00000000e+04  0.00000000e+00 
 1.12201845e+04  0.00000000e+00  1.12201845e+04  0.00000000e+00 
 1.25892541e+04  0.00000000e+00  1.25892541e+04  0.00000000e+00 
 1.41253754e+04  0.00000000e+00  1.41253754e+04  0.00000000e+00 
 1.58489319e+04  0.00000000e+00  1.58489319e+04  0.00000000e+00 
 1.77827941e+04  0.00000000e+00  1.77827941e+04  0.00000000e+00 
 1.99526231e+04  0.00000000e+00  1.99526231e+04  0.00000000e+00 
 2.23872114e+04  0.00000000e+00  2.23872114e+04  0.00000000e+00 
 2.51188643e+04  0.00000000e+00  2.51188643e+04  0.00000000e+00 
 2.81838293e+04  0.00000000e+00  2.81838293e+04  0.00000000e+00 
 3.16227766e+04  0.00000000e+00  3.16227766e+04  0.00000000e+00 
 3.54813389e+04  0.00000000e+00  3.54813389e+04  0.00000000e+00 
 3.98107171e+04  0.00000000e+00  3.98107171e+04  0.00000000e+00 
 4.46683592e+04  0.00000000e+00  4.46683592e+04  0.00000000e+00 
 5.01187234e+04  0.00000000e+00  5.01187234e+04  0.00000000e+00 
 5.62341325e+04  0.00000000e+00  5.62341325e+04  0.00000000e+00 
 6.30957344e+04  0.00000000e+00  6.30957344e+04  0.00000000e+00 
 7.07945784e+04  0.00000000e+00  7.07945784e+04  0.00000000e+00 
 7.94328235e+04  0.00000000e+00  7.94328235e+04  0.00000000e+00 
 8.91250938e+04  0.00000000e+00  8.91250938e+04  0.00000000e+00 
 1.00000000e+05  0.00000000e+00  1.00000000e+05  0.00000000e+00 
 1.12201845e+05  0.00000000e+00  1.12201845e+05  0.00000000e+00 
 1.25892541e+05  0.00000000e+00  1.25892541e+05  0.00000000e+00 
 1.41253754e+05  0.00000000e+00  1.41253754e+05  0.00000000e+00 
 1.58489319e+05  0.00000000e+00  1.58489319e+05  0.00000000e+00 
 1.77827941e+05  0.00000000e+00  1.77827941e+05  0.00000000e+00 
 1.99526231e+05  0.00000000e+00  1.99526231e+05  0.00000000e+00 
 2.23872114e+05  0.00000000e+00  2.23872114e+05  0.00000000e+00 
 2.51188643e+05  0.00000000e+00  2.51188643e+05  0.00000000e+00 
 2.81838293e+05  0.00000000e+00  2.81838293e+05  0.00000000e+00 
 3.16227766e+05  0.00000000e+00  3.16227766e+05  0.00000000e+00 
 3.54813389e+05  0.00000000e+00  3.54813389e+05  0.00000000e+00 
 3.98107171e+05  0.00000000e+00  3.98107171e+05  0.00000000e+00 
 4.46683592e+05  0.00000000e+00  4.46683592e+05  0.00000000e+00 
 5.01187234e+05  0.00000000e+00  5.01187234e+05  0.00000000e+00 
 5.62341325e+05  0.00000000e+00  5.62341325e+05  0.00000000e+00 
 6.30957344e+05  0.00000000e+00  6.30957344e+05  0.00000000e+00 
 7.07945784e+05  0.00000000e+00  7.07945784e+05  0.00000000e+00 
 7.94328235e+05  0.00000000e+00  7.94328235e+05  0.00000000e+00 
 8.91250938e+05  0.00000000e+00  8.91250938e+05  0.00000000e+00 
 1.00000000e+06  0.00000000e+00  1.00000000e+06  0.00000000e+00 
 1.12201845e+06  0.00000000e+00  1.12201845e+06  0.00000000e+00 
 1.25892541e+06  0.00000000e+00  1.25892541e+06  0.00000000e+00 
 1.41253754e+06  0.00000000e+00  1.41253754e+06  0.00000000e+00 
 1.58489319e+06  0.00000000e+00  1.58489319e+06  0.00000000e+00 
 1.77827941e+06  0.00000000e+00  1.77827941e+06  0.00000000e+00 
 1.99526231e+06  0.00000000e+00  1.99526231e+06  0.00000000e+00 
 2.23872114e+06  0.00000000e+00  2.23872114e+06  0.00000000e+00 
 2.51188643e+06  0.00000000e+00  2.51188643e+06  0.00000000e+00 
 2.81838293e+06  0.00000000e+00  2.81838293e+06  0.00000000e+00 
 3.16227766e+06  0.00000000e+00  3.16227766e+06  0.00000000e+00 
 3.54813389e+06  0.00000000e+00  3.54813389e+06  0.00000000e+00 
 3.98107171e+06  0.00000000e+00  3.98107171e+06  0.00000000e+00 
 4.46683592e+06  0.00000000e+00  4.46683592e+06  0.00000000e+00 
 5.01187234e+06  0.00000000e+00  5.01187234e+06  0.00000000e+00 
 5.62341325e+06  0.00000000e+00  5.62341325e+06  0.00000000e+00 
 6.30957344e+06  0.00000000e+00  6.30957344e+06  0.00000000e+00 
 7.07945784e+06  0.00000000e+00  7.07945784e+06  0.00000000e+00 
 7.94328235e+06  0.00000000e+00  7.94328235e+06  0.00000000e+00 
 8.91250938e+06  0.00000000e+00  8.91250938e+06  0.00000000e+00 
 1.00000000e+07  0.00000000e+00  1.00000000e+07  0.00000000e+00 
 1.12201845e+07  0.00000000e+00  1.12201845e+07  0.00000000e+00 
 1.25892541e+07  0.00000000e+00  1.25892541e+07  0.00000000e+00 
 1.41253754e+07  0.00000000e+00  1.41253754e+07  0.00000000e+00 
 1.58489319e+07  0.00000000e+00  1.58489319e+07  0.00000000e+00 
 1.77827941e+07  0.00000000e+00  1.77827941e+07  0.00000000e+00 
 1.99526231e+07  0.00000000e+00  1.99526231e+07  0.00000000e+00 
 2.23872114e+07  0.00000000e+00  2.23872114e+07  0.00000000e+00 
 2.51188643e+07  0.00000000e+00  2.51188643e+07  0.00000000e+00 
 2.81838293e+07  0.00000000e+00  2.81838293e+07  0.00000000e+00 
 3.16227766e+07  0.00000000e+00  3.16227766e+07  0.00000000e+00 
 3.54813389e+07  0.00000000e+00  3.54813389e+07  0.00000000e+00 
 3.98107171e+07  0.00000000e+00  3.98107171e+07  0.00000000e+00 
 4.46683592e+07  0.00000000e+00  4.46683592e+07  0.00000000e+00 
 5.01187234e+07  0.00000000e+00  5.01187234e+07  0.00000000e+00 
 5.62341325e+07  0.00000000e+00  5.62341325e+07  0.00000000e+00 
 6.30957344e+07  0.00000000e+00  6.30957344e+07  0.00000000e+00 
 7.07945784e+07  0.00000000e+00  7.07945784e+07  0.00000000e+00 
 7.94328235e+07  0.00000000e+00  7.94328235e+07  0.00000000e+00 
 8.91250938e+07  0.00000000e+00  8.91250938e+07  0.00000000e+00 
 1.00000000e+08  0.00000000e+00  1.00000000e+08  0.00000000e+00 
 1.12201845e+08  0.00000000e+00  1.12201845e+08  0.00000000e+00 
 1.25892541e+08  0.00000000e+00  1.25892541e+08  0.00000000e+00 
 1.41253754e+08  0.00000000e+00  1.41253754e+08  0.00000000e+00 
 1.58489319e+08  0.00000000e+00  1.58489319e+08  0.00000000e+00 
 1.77827941e+08  0.00000000e+00  1.77827941e+08  0.00000000e+00 
 1.99526231e+08  0.00000000e+00  1.99526231e+08  0.00000000e+00 
 2.23872114e+08  0.00000000e+00  2.23872114e+08  0.00000000e+00 
 2.51188643e+08  0.00000000e+00  2.51188643e+08  0.00000000e+00 
 2.81838293e+08  0.00000000e+00  2.81838293e+08  0.00000000e+00 
 3.16227766e+08  0.00000000e+00  3.16227766e+08  0.00000000e+00 
 3.54813389e+08  0.00000000e+00  3.54813389e+08  0.00000000e+00 
 3.98107171e+08  0.00000000e+00  3.98107171e+08  0.00000000e+00 
 4.46683592e+08  0.00000000e+00  4.46683592e+08  0.00000000e+00 
 5.01187234e+08  0.00000000e+00  5.01187234e+08  0.00000000e+00 
 5.62341325e+08  0.00000000e+00  5.62341325e+08  0.00000000e+00 
 6.30957344e+08  0.00000000e+00  6.30957344e+08  0.00000000e+00 
 7.07945784e+08  0.00000000e+00  7.07945784e+08  0.00000000e+00 
 7.94328235e+08  0.00000000e+00  7.94328235e+08  0.00000000e+00 
 8.91250938e+08  0.00000000e+00  8.91250938e+08  0.00000000e+00 
 1.00000000e+09  0.00000000e+00  1.00000000e+09  0.00000000e+00 
