 1.00000000e+00 -7.47677960e-06  1.00000000e+00 -3.93628343e-03 
 1.04712855e+00 -8.19812590e-06  1.04712855e+00 -4.12179475e-03 
 1.09647820e+00 -8.98906642e-06  1.09647820e+00 -4.31604895e-03 
 1.14815362e+00 -9.85631548e-06  1.14815362e+00 -4.51945807e-03 
 1.20226443e+00 -1.08072352e-05  1.20226443e+00 -4.73245357e-03 
 1.25892541e+00 -1.18498979e-05  1.25892541e+00 -4.95548723e-03 
 1.31825674e+00 -1.29931550e-05  1.31825674e+00 -5.18903215e-03 
 1.38038426e+00 -1.42467114e-05  1.38038426e+00 -5.43358370e-03 
 1.44543977e+00 -1.56212088e-05  1.44543977e+00 -5.68966061e-03 
 1.51356125e+00 -1.71283152e-05  1.51356125e+00 -5.95780606e-03 
 1.58489319e+00 -1.87808247e-05  1.58489319e+00 -6.23858881e-03 
 1.65958691e+00 -2.05927654e-05  1.65958691e+00 -6.53260444e-03 
 1.73780083e+00 -2.25795190e-05  1.73780083e+00 -6.84047660e-03 
 1.81970086e+00 -2.47579512e-05  1.81970086e+00 -7.16285833e-03 
 1.90546072e+00 -2.71465547e-05  1.90546072e+00 -7.50043344e-03 
 1.99526231e+00 -2.97656066e-05  1.99526231e+00 -7.85391798e-03 
 2.08929613e+00 -3.26373402e-05  2.08929613e+00 -8.22406173e-03 
 2.18776162e+00 -3.57861338e-05  2.18776162e+00 -8.61164982e-03 
 2.29086765e+00 -3.92387176e-05  2.29086765e+00 -9.01750438e-03 
 2.39883292e+00 -4.30244010e-05  2.39883292e+00 -9.44248626e-03 
 2.51188643e+00 -4.71753208e-05  2.51188643e+00 -9.88749693e-03 
 2.63026799e+00 -5.17267145e-05  2.63026799e+00 -1.03534803e-02 
 2.75422870e+00 -5.67172193e-05  2.75422870e+00 -1.08414248e-02 
 2.88403150e+00 -6.21891999e-05  2.88403150e+00 -1.13523654e-02 
 3.01995172e+00 -6.81891085e-05  3.01995172e+00 -1.18873859e-02 
 3.16227766e+00 -7.47678787e-05  3.16227766e+00 -1.24476211e-02 
 3.31131121e+00 -8.19813585e-05  3.31131121e+00 -1.30342595e-02 
 3.46736850e+00 -8.98907838e-05  3.46736850e+00 -1.36485452e-02 
 3.63078055e+00 -9.85632985e-05  3.63078055e+00 -1.42917813e-02 
 3.80189396e+00 -1.08072525e-04  3.80189396e+00 -1.49653322e-02 
 3.98107171e+00 -1.18499187e-04  3.98107171e+00 -1.56706266e-02 
 4.16869383e+00 -1.29931800e-04  4.16869383e+00 -1.64091605e-02 
 4.36515832e+00 -1.42467415e-04  4.36515832e+00 -1.71825004e-02 
 4.57088190e+00 -1.56212449e-04  4.57088190e+00 -1.79922867e-02 
 4.78630092e+00 -1.71283587e-04  4.78630092e+00 -1.88402370e-02 
 5.01187234e+00 -1.87808769e-04  5.01187234e+00 -1.97281500e-02 
 5.24807460e+00 -2.05928282e-04  5.24807460e+00 -2.06579091e-02 
 5.49540874e+00 -2.25795945e-04  5.49540874e+00 -2.16314863e-02 
 5.75439937e+00 -2.47580419e-04  5.75439937e+00 -2.26509469e-02 
 6.02559586e+00 -2.71466638e-04  6.02559586e+00 -2.37184531e-02 
 6.30957344e+00 -2.97657378e-04  6.30957344e+00 -2.48362694e-02 
 6.60693448e+00 -3.26374979e-04  6.60693448e+00 -2.60067667e-02 
 6.91830971e+00 -3.57863233e-04  6.91830971e+00 -2.72324279e-02 
 7.24435960e+00 -3.92389455e-04  7.24435960e+00 -2.85158526e-02 
 7.58577575e+00 -4.30246750e-04  7.58577575e+00 -2.98597634e-02 
 7.94328235e+00 -4.71756502e-04  7.94328235e+00 -3.12670107e-02 
 8.31763771e+00 -5.17271106e-04  8.31763771e+00 -3.27405795e-02 
 8.70963590e+00 -5.67176955e-04  8.70963590e+00 -3.42835954e-02 
 9.12010839e+00 -6.21897724e-04  9.12010839e+00 -3.58993315e-02 
 9.54992586e+00 -6.81897968e-04  9.54992586e+00 -3.75912149e-02 
 1.00000000e+01 -7.47687063e-04  1.00000000e+01 -3.93628343e-02 
 1.04712855e+01 -8.19823534e-04  1.04712855e+01 -4.12179475e-02 
 1.09647820e+01 -8.98919800e-04  1.09647820e+01 -4.31604895e-02 
 1.14815362e+01 -9.85647366e-04  1.14815362e+01 -4.51945807e-02 
 1.20226443e+01 -1.08074254e-03  1.20226443e+01 -4.73245357e-02 
 1.25892541e+01 -1.18501266e-03  1.25892541e+01 -4.95548723e-02 
 1.31825674e+01 -1.29934299e-03  1.31825674e+01 -5.18903215e-02 
 1.38038426e+01 -1.42470419e-03  1.38038426e+01 -5.43358370e-02 
 1.44543977e+01 -1.56216061e-03  1.44543977e+01 -5.68966061e-02 
 1.51356125e+01 -1.71287930e-03  1.51356125e+01 -5.95780606e-02 
 1.58489319e+01 -1.87813991e-03  1.58489319e+01 -6.23858881e-02 
 1.65958691e+01 -2.05934560e-03  1.65958691e+01 -6.53260444e-02 
 1.73780083e+01 -2.25803493e-03  1.73780083e+01 -6.84047660e-02 
 1.81970086e+01 -2.47589494e-03  1.81970086e+01 -7.16285833e-02 
 1.90546072e+01 -2.71477548e-03  1.90546072e+01 -7.50043344e-02 
 1.99526231e+01 -2.97670495e-03  1.99526231e+01 -7.85391798e-02 
 2.08929613e+01 -3.26390750e-03  2.08929613e+01 -8.22406173e-02 
 2.18776162e+01 -3.57882194e-03  2.18776162e+01 -8.61164982e-02 
 2.29086765e+01 -3.92412252e-03  2.29086765e+01 -9.01750438e-02 
 2.39883292e+01 -4.30274159e-03  2.39883292e+01 -9.44248626e-02 
 2.51188643e+01 -4.71789456e-03  2.51188643e+01 -9.88749693e-02 
 2.63026799e+01 -5.17310726e-03  2.63026799e+01 -1.03534803e-01 
 2.75422870e+01 -5.67224590e-03  2.75422870e+01 -1.08414248e-01 
 2.88403150e+01 -6.21954996e-03  2.88403150e+01 -1.13523654e-01 
 3.01995172e+01 -6.81966826e-03  3.01995172e+01 -1.18873859e-01 
 3.16227766e+01 -7.47769853e-03  3.16227766e+01 -1.24476211e-01 
 3.31131121e+01 -8.19923075e-03  3.31131121e+01 -1.30342595e-01 
 3.46736850e+01 -8.99039480e-03  3.46736850e+01 -1.36485452e-01 
 3.63078055e+01 -9.85791262e-03  3.63078055e+01 -1.42917813e-01 
 3.80189396e+01 -1.08091555e-02  3.80189396e+01 -1.49653322e-01 
 3.98107171e+01 -1.18522068e-02  3.98107171e+01 -1.56706266e-01 
 4.16869383e+01 -1.29959310e-02  4.16869383e+01 -1.64091605e-01 
 4.36515832e+01 -1.42500492e-02  4.36515832e+01 -1.71825004e-01 
 4.57088190e+01 -1.56252221e-02  4.57088190e+01 -1.79922867e-01 
 4.78630092e+01 -1.71331407e-02  4.78630092e+01 -1.88402370e-01 
 5.01187234e+01 -1.87866268e-02  5.01187234e+01 -1.97281500e-01 
 5.24807460e+01 -2.05997418e-02  5.24807460e+01 -2.06579091e-01 
 5.49540874e+01 -2.25879076e-02  5.49540874e+01 -2.16314863e-01 
 5.75439937e+01 -2.47680378e-02  5.75439937e+01 -2.26509469e-01 
 6.02559586e+01 -2.71586833e-02  6.02559586e+01 -2.37184531e-01 
 6.30957344e+01 -2.97801907e-02  6.30957344e+01 -2.48362694e-01 
 6.60693448e+01 -3.26548772e-02  6.60693448e+01 -2.60067667e-01 
 6.91830971e+01 -3.58072220e-02  6.91830971e+01 -2.72324279e-01 
 7.24435960e+01 -3.92640767e-02  7.24435960e+01 -2.85158526e-01 
 7.58577575e+01 -4.30548965e-02  7.58577575e+01 -2.98597634e-01 
 7.94328235e+01 -4.72119939e-02  7.94328235e+01 -3.12670107e-01 
 8.31763771e+01 -5.17708178e-02  8.31763771e+01 -3.27405795e-01 
 8.70963590e+01 -5.67702595e-02  8.70963590e+01 -3.42835954e-01 
 9.12010839e+01 -6.22529900e-02  9.12010839e+01 -3.58993315e-01 
 9.54992586e+01 -6.82658297e-02  9.54992586e+01 -3.75912149e-01 
 1.00000000e+02 -7.48601559e-02  1.00000000e+02 -3.93628343e-01 
 1.04712855e+02 -8.20923501e-02  1.04712855e+02 -4.12179475e-01 
 1.09647820e+02 -9.00242912e-02  1.09647820e+02 -4.31604895e-01 
 1.14815362e+02 -9.87238971e-02  1.14815362e+02 -4.51945807e-01 
 1.20226443e+02 -1.08265722e-01  1.20226443e+02 -4.73245357e-01 
 1.25892541e+02 -1.18731614e-01  1.25892541e+02 -4.95548723e-01 
 1.31825674e+02 -1.30211440e-01  1.31825674e+02 -5.18903215e-01 
 1.38038426e+02 -1.42803884e-01  1.38038426e+02 -5.43358370e-01 
 1.44543977e+02 -1.56617328e-01  1.44543977e+02 -5.68966061e-01 
 1.51356125e+02 -1.71770827e-01  1.51356125e+02 -5.95780605e-01 
 1.58489319e+02 -1.88395181e-01  1.58489319e+02 -6.23858880e-01 
 1.65958691e+02 -2.06634126e-01  1.65958691e+02 -6.53260443e-01 
 1.73780083e+02 -2.26645646e-01  1.73780083e+02 -6.84047659e-01 
 1.81970086e+02 -2.48603432e-01  1.81970086e+02 -7.16285831e-01 
 1.90546072e+02 -2.72698491e-01  1.90546072e+02 -7.50043340e-01 
 1.99526231e+02 -2.99140944e-01  1.99526231e+02 -7.85391792e-01 
 2.08929613e+02 -3.28162012e-01  2.08929613e+02 -8.22406162e-01 
 2.18776162e+02 -3.60016240e-01  2.18776162e+02 -8.61164964e-01 
 2.29086765e+02 -3.94983962e-01  2.29086765e+02 -9.01750407e-01 
 2.39883292e+02 -4.33374067e-01  2.39883292e+02 -9.44248577e-01 
 2.51188643e+02 -4.75527094e-01  2.51188643e+02 -9.88749611e-01 
 2.63026799e+02 -5.21818701e-01  2.63026799e+02 -1.03534790e+00 
 2.75422870e+02 -5.72663577e-01  2.75422870e+02 -1.08414226e+00 
 2.88403150e+02 -6.28519853e-01  2.88403150e+02 -1.13523618e+00 
 3.01995172e+02 -6.89894108e-01  3.01995172e+02 -1.18873799e+00 
 3.16227766e+02 -7.57347058e-01  3.16227766e+02 -1.24476114e+00 
 3.31131121e+02 -8.31500065e-01  3.31131121e+02 -1.30342435e+00 
 3.46736850e+02 -9.13042609e-01  3.46736850e+02 -1.36485191e+00 
 3.63078055e+02 -1.00274092e+00  3.63078055e+02 -1.42917387e+00 
 3.80189396e+02 -1.10144801e+00  3.80189396e+02 -1.49652629e+00 
 3.98107171e+02 -1.21011538e+00  3.98107171e+02 -1.56705139e+00 
 4.16869383e+02 -1.32980679e+00  4.16869383e+02 -1.64089777e+00 
 4.36515832e+02 -1.46171455e+00  4.36515832e+02 -1.71822046e+00 
 4.57088190e+02 -1.60717882e+00  4.57088190e+02 -1.79918093e+00 
 4.78630092e+02 -1.76771074e+00  4.78630092e+02 -1.88394688e+00 
 5.01187234e+02 -1.94501984e+00  5.01187234e+02 -1.97269176e+00 
 5.24807460e+02 -2.14104691e+00  5.24807460e+02 -2.06559387e+00 
 5.49540874e+02 -2.35800287e+00  5.49540874e+02 -2.16283482e+00 
 5.75439937e+02 -2.59841428e+00  5.75439937e+02 -2.26459706e+00 
 6.02559586e+02 -2.86517563e+00  6.02559586e+02 -2.37105996e+00 
 6.30957344e+02 -3.16160757e+00  6.30957344e+02 -2.48239416e+00 
 6.60693448e+02 -3.49151821e+00  6.60693448e+02 -2.59875314e+00 
 6.91830971e+02 -3.85926233e+00  6.91830971e+02 -2.72026160e+00 
 7.24435960e+02 -4.26978896e+00  7.24435960e+02 -2.84699963e+00 
 7.58577575e+02 -4.72866271e+00  7.58577575e+02 -2.97898224e+00 
 7.94328235e+02 -5.24203850e+00  7.94328235e+02 -3.11613421e+00 
 8.31763771e+02 -5.81656474e+00  8.31763771e+02  3.02492385e+00 
 8.70963590e+02 -6.45918912e+00  8.70963590e+02  2.87816387e+00 
 9.12010839e+02 -7.17684860e+00  9.12010839e+02  2.72728793e+00 
 9.54992586e+02 -7.97604371e+00  9.54992586e+02  2.57300253e+00 
 1.00000000e+03 -8.86232757e+00  1.00000000e+03  2.41620222e+00 
 1.04712855e+03 -9.83977572e+00  1.04712855e+03  2.25794495e+00 
 1.09647820e+03 -1.09105308e+01  1.09647820e+03  2.09940318e+00 
 1.14815362e+03 -1.20745200e+01  1.14815362e+03  1.94179545e+00 
 1.20226443e+03 -1.33294139e+01  1.20226443e+03  1.78630866e+00 
 1.25892541e+03 -1.46708397e+01  1.25892541e+03  1.63402461e+00 
 1.31825674e+03 -1.60928009e+01  1.31825674e+03  1.48586301e+00 
 1.38038426e+03 -1.75882119e+01  1.38038426e+03  1.34254816e+00 
 1.44543977e+03 -1.91494471e+01  1.44543977e+03  1.20460024e+00 
 1.51356125e+03 -2.07688238e+01  1.51356125e+03  1.07234707e+00 
 1.58489319e+03 -2.24389716e+01  1.58489319e+03  9.45949330e-01 
 1.65958691e+03 -2.41530771e+01  1.65958691e+03  8.25432167e-01 
 1.73780083e+03 -2.59050168e+01  1.73780083e+03  7.10717487e-01 
 1.81970086e+03 -2.76894014e+01  1.81970086e+03  6.01653319e-01 
 1.90546072e+03 -2.95015608e+01  1.90546072e+03  4.98038405e-01 
 1.99526231e+03 -3.13374917e+01  1.99526231e+03  3.99641603e-01 
 2.08929613e+03 -3.31937878e+01  2.08929613e+03  3.06216425e-01 
 2.18776162e+03 -3.50675635e+01  2.18776162e+03  2.17511476e-01 
 2.29086765e+03 -3.69563795e+01  2.29086765e+03  1.33277623e-01 
 2.39883292e+03 -3.88581749e+01  2.39883292e+03  5.32726816e-02 
 2.51188643e+03 -4.07712071e+01  2.51188643e+03 -2.27357071e-02 
 2.63026799e+03 -4.26939994e+01  2.63026799e+03 -9.49684831e-02 
 2.75422870e+03 -4.46252978e+01  2.75422870e+03 -1.63634459e-01 
 2.88403150e+03 -4.65640334e+01  2.88403150e+03 -2.28930195e-01 
 3.01995172e+03 -4.85092927e+01  3.01995172e+03 -2.91040254e-01 
 3.16227766e+03 -5.04602916e+01  3.16227766e+03 -3.50137682e-01 
 3.31131121e+03 -5.24163548e+01  3.31131121e+03 -4.06384620e-01 
 3.46736850e+03 -5.43768986e+01  3.46736850e+03 -4.59932970e-01 
 3.63078055e+03 -5.63414166e+01  3.63078055e+03 -5.10925083e-01 
 3.80189396e+03 -5.83094678e+01  3.80189396e+03 -5.59494433e-01 
 3.98107171e+03 -6.02806672e+01  3.98107171e+03 -6.05766262e-01 
 4.16869383e+03 -6.22546771e+01  4.16869383e+03 -6.49858185e-01 
 4.36515832e+03 -6.42312009e+01  4.36515832e+03 -6.91880761e-01 
 4.57088190e+03 -6.62099768e+01  4.57088190e+03 -7.31938011e-01 
 4.78630092e+03 -6.81907737e+01  4.78630092e+03 -7.70127898e-01 
 5.01187234e+03 -7.01733867e+01  5.01187234e+03 -8.06542769e-01 
 5.24807460e+03 -7.21576336e+01  5.24807460e+03 -8.41269756e-01 
 5.49540874e+03 -7.41433526e+01  5.49540874e+03 -8.74391139e-01 
 5.75439937e+03 -7.61303990e+01  5.75439937e+03 -9.05984687e-01 
 6.02559586e+03 -7.81186437e+01  6.02559586e+03 -9.36123960e-01 
 6.30957344e+03 -8.01079711e+01  6.30957344e+03 -9.64878589e-01 
 6.60693448e+03 -8.20982776e+01  6.60693448e+03 -9.92314532e-01 
 6.91830971e+03 -8.40894701e+01  6.91830971e+03 -1.01849431e+00 
 7.24435960e+03 -8.60814649e+01  7.24435960e+03 -1.04347722e+00 
 7.58577575e+03 -8.80741868e+01  7.58577575e+03 -1.06731952e+00 
 7.94328235e+03 -9.00675678e+01  7.94328235e+03 -1.09007466e+00 
 8.31763771e+03 -9.20615468e+01  8.31763771e+03 -1.11179338e+00 
 8.70963590e+03 -9.40560685e+01  8.70963590e+03 -1.13252391e+00 
 9.12010839e+03 -9.60510829e+01  9.12010839e+03 -1.15231212e+00 
 9.54992586e+03 -9.80465448e+01  9.54992586e+03 -1.17120160e+00 
 1.00000000e+04 -1.00042413e+02  1.00000000e+04 -1.18923387e+00 
 1.04712855e+04 -1.02038652e+02  1.04712855e+04 -1.20644842e+00 
 1.09647820e+04 -1.04035226e+02  1.09647820e+04 -1.22288283e+00 
 1.14815362e+04 -1.06032106e+02  1.14815362e+04 -1.23857291e+00 
 1.20226443e+04 -1.08029264e+02  1.20226443e+04 -1.25355277e+00 
 1.25892541e+04 -1.10026675e+02  1.25892541e+04 -1.26785490e+00 
 1.31825674e+04 -1.12024316e+02  1.31825674e+04 -1.28151025e+00 
 1.38038426e+04 -1.14022166e+02  1.38038426e+04 -1.29454833e+00 
 1.44543977e+04 -1.16020208e+02  1.44543977e+04 -1.30699726e+00 
 1.51356125e+04 -1.18018423e+02  1.51356125e+04 -1.31888388e+00 
 1.58489319e+04 -1.20016796e+02  1.58489319e+04 -1.33023373e+00 
 1.65958691e+04 -1.22015314e+02  1.65958691e+04 -1.34107122e+00 
 1.73780083e+04 -1.24013962e+02  1.73780083e+04 -1.35141960e+00 
 1.81970086e+04 -1.26012731e+02  1.81970086e+04 -1.36130106e+00 
 1.90546072e+04 -1.28011608e+02  1.90546072e+04 -1.37073677e+00 
 1.99526231e+04 -1.30010584e+02  1.99526231e+04 -1.37974691e+00 
 2.08929613e+04 -1.32009651e+02  2.08929613e+04 -1.38835075e+00 
 2.18776162e+04 -1.34008800e+02  2.18776162e+04 -1.39656669e+00 
 2.29086765e+04 -1.36008025e+02  2.29086765e+04 -1.40441227e+00 
 2.39883292e+04 -1.38007317e+02  2.39883292e+04 -1.41190422e+00 
 2.51188643e+04 -1.40006673e+02  2.51188643e+04 -1.41905854e+00 
 2.63026799e+04 -1.42006085e+02  2.63026799e+04 -1.42589047e+00 
 2.75422870e+04 -1.44005549e+02  2.75422870e+04 -1.43241458e+00 
 2.88403150e+04 -1.46005060e+02  2.88403150e+04 -1.43864477e+00 
 3.01995172e+04 -1.48004614e+02  3.01995172e+04 -1.44459429e+00 
 3.16227766e+04 -1.50004208e+02  3.16227766e+04 -1.45027582e+00 
 3.31131121e+04 -1.52003837e+02  3.31131121e+04 -1.45570144e+00 
 3.46736850e+04 -1.54003500e+02  3.46736850e+04 -1.46088270e+00 
 3.63078055e+04 -1.56003191e+02  3.63078055e+04 -1.46583062e+00 
 3.80189396e+04 -1.58002910e+02  3.80189396e+04 -1.47055572e+00 
 3.98107171e+04 -1.60002654e+02  3.98107171e+04 -1.47506804e+00 
 4.16869383e+04 -1.62002421e+02  4.16869383e+04 -1.47937718e+00 
 4.36515832e+04 -1.64002208e+02  4.36515832e+04 -1.48349229e+00 
 4.57088190e+04 -1.66002013e+02  4.57088190e+04 -1.48742212e+00 
 4.78630092e+04 -1.68001836e+02  4.78630092e+04 -1.49117501e+00 
 5.01187234e+04 -1.70001674e+02  5.01187234e+04 -1.49475893e+00 
 5.24807460e+04 -1.72001527e+02  5.24807460e+04 -1.49818151e+00 
 5.49540874e+04 -1.74001393e+02  5.49540874e+04 -1.50145000e+00 
 5.75439937e+04 -1.76001270e+02  5.75439937e+04 -1.50457135e+00 
 6.02559586e+04 -1.78001158e+02  6.02559586e+04 -1.50755218e+00 
 6.30957344e+04 -1.80001056e+02  6.30957344e+04 -1.51039882e+00 
 6.60693448e+04 -1.82000963e+02  6.60693448e+04 -1.51311732e+00 
 6.91830971e+04 -1.84000879e+02  6.91830971e+04 -1.51571345e+00 
 7.24435960e+04 -1.86000801e+02  7.24435960e+04 -1.51819271e+00 
 7.58577575e+04 -1.88000731e+02  7.58577575e+04 -1.52056037e+00 
 7.94328235e+04 -1.90000666e+02  7.94328235e+04 -1.52282146e+00 
 8.31763771e+04 -1.92000608e+02  8.31763771e+04 -1.52498077e+00 
 8.70963590e+04 -1.94000554e+02  8.70963590e+04 -1.52704288e+00 
 9.12010839e+04 -1.96000506e+02  9.12010839e+04 -1.52901217e+00 
 9.54992586e+04 -1.98000461e+02  9.54992586e+04 -1.53089282e+00 
 1.00000000e+05 -2.00000420e+02  1.00000000e+05 -1.53268882e+00 
 1.04712855e+05 -2.02000383e+02  1.04712855e+05 -1.53440398e+00 
 1.09647820e+05 -2.04000350e+02  1.09647820e+05 -1.53604195e+00 
 1.14815362e+05 -2.06000319e+02  1.14815362e+05 -1.53760618e+00 
 1.20226443e+05 -2.08000291e+02  1.20226443e+05 -1.53910001e+00 
 1.25892541e+05 -2.10000265e+02  1.25892541e+05 -1.54052660e+00 
 1.31825674e+05 -2.12000242e+02  1.31825674e+05 -1.54188899e+00 
 1.38038426e+05 -2.14000221e+02  1.38038426e+05 -1.54319005e+00 
 1.44543977e+05 -2.16000201e+02  1.44543977e+05 -1.54443255e+00 
 1.51356125e+05 -2.18000184e+02  1.51356125e+05 -1.54561913e+00 
 1.58489319e+05 -2.20000167e+02  1.58489319e+05 -1.54675230e+00 
 1.65958691e+05 -2.22000153e+02  1.65958691e+05 -1.54783447e+00 
 1.73780083e+05 -2.24000139e+02  1.73780083e+05 -1.54886794e+00 
 1.81970086e+05 -2.26000127e+02  1.81970086e+05 -1.54985488e+00 
 1.90546072e+05 -2.28000116e+02  1.90546072e+05 -1.55079741e+00 
 1.99526231e+05 -2.30000106e+02  1.99526231e+05 -1.55169752e+00 
 2.08929613e+05 -2.32000096e+02  2.08929613e+05 -1.55255711e+00 
 2.18776162e+05 -2.34000088e+02  2.18776162e+05 -1.55337801e+00 
 2.29086765e+05 -2.36000080e+02  2.29086765e+05 -1.55416197e+00 
 2.39883292e+05 -2.38000073e+02  2.39883292e+05 -1.55491064e+00 
 2.51188643e+05 -2.40000067e+02  2.51188643e+05 -1.55562562e+00 
 2.63026799e+05 -2.42000061e+02  2.63026799e+05 -1.55630842e+00 
 2.75422870e+05 -2.44000055e+02  2.75422870e+05 -1.55696048e+00 
 2.88403150e+05 -2.46000051e+02  2.88403150e+05 -1.55758320e+00 
 3.01995172e+05 -2.48000046e+02  3.01995172e+05 -1.55817789e+00 
 3.16227766e+05 -2.50000042e+02  3.16227766e+05 -1.55874582e+00 
 3.31131121e+05 -2.52000038e+02  3.31131121e+05 -1.55928818e+00 
 3.46736850e+05 -2.54000035e+02  3.46736850e+05 -1.55980613e+00 
 3.63078055e+05 -2.56000032e+02  3.63078055e+05 -1.56030077e+00 
 3.80189396e+05 -2.58000029e+02  3.80189396e+05 -1.56077315e+00 
 3.98107171e+05 -2.60000027e+02  3.98107171e+05 -1.56122427e+00 
 4.16869383e+05 -2.62000024e+02  4.16869383e+05 -1.56165508e+00 
 4.36515832e+05 -2.64000022e+02  4.36515832e+05 -1.56206651e+00 
 4.57088190e+05 -2.66000020e+02  4.57088190e+05 -1.56245942e+00 
 4.78630092e+05 -2.68000018e+02  4.78630092e+05 -1.56283464e+00 
 5.01187234e+05 -2.70000017e+02  5.01187234e+05 -1.56319297e+00 
 5.24807460e+05 -2.72000015e+02  5.24807460e+05 -1.56353518e+00 
 5.49540874e+05 -2.74000014e+02  5.49540874e+05 -1.56386199e+00 
 5.75439937e+05 -2.76000013e+02  5.75439937e+05 -1.56417408e+00 
 6.02559586e+05 -2.78000012e+02  6.02559586e+05 -1.56447213e+00 
 6.30957344e+05 -2.80000011e+02  6.30957344e+05 -1.56475677e+00 
 6.60693448e+05 -2.82000010e+02  6.60693448e+05 -1.56502860e+00 
 6.91830971e+05 -2.84000009e+02  6.91830971e+05 -1.56528819e+00 
 7.24435960e+05 -2.86000008e+02  7.24435960e+05 -1.56553609e+00 
 7.58577575e+05 -2.88000007e+02  7.58577575e+05 -1.56577284e+00 
 7.94328235e+05 -2.90000007e+02  7.94328235e+05 -1.56599894e+00 
 8.31763771e+05 -2.92000006e+02  8.31763771e+05 -1.56621486e+00 
 8.70963590e+05 -2.94000006e+02  8.70963590e+05 -1.56642106e+00 
 9.12010839e+05 -2.96000005e+02  9.12010839e+05 -1.56661798e+00 
 9.54992586e+05 -2.98000005e+02  9.54992586e+05 -1.56680603e+00 
 1.00000000e+06 -3.00000004e+02  1.00000000e+06 -1.56698563e+00 
