 1.00000000e+00 -2.16659869e-02  1.00000000e+00  0.00000000e+00 
 1.12201845e+00 -2.16659869e-02  1.12201845e+00  0.00000000e+00 
 1.25892541e+00 -2.16659869e-02  1.25892541e+00  0.00000000e+00 
 1.41253754e+00 -2.16659869e-02  1.41253754e+00  0.00000000e+00 
 1.58489319e+00 -2.16659869e-02  1.58489319e+00  0.00000000e+00 
 1.77827941e+00 -2.16659869e-02  1.77827941e+00  0.00000000e+00 
 1.99526231e+00 -2.16659869e-02  1.99526231e+00  0.00000000e+00 
 2.23872114e+00 -2.16659869e-02  2.23872114e+00  0.00000000e+00 
 2.51188643e+00 -2.16659869e-02  2.51188643e+00  0.00000000e+00 
 2.81838293e+00 -2.16659869e-02  2.81838293e+00  0.00000000e+00 
 3.16227766e+00 -2.16659869e-02  3.16227766e+00  0.00000000e+00 
 3.54813389e+00 -2.16659869e-02  3.54813389e+00  0.00000000e+00 
 3.98107171e+00 -2.16659869e-02  3.98107171e+00  0.00000000e+00 
 4.46683592e+00 -2.16659869e-02  4.46683592e+00  0.00000000e+00 
 5.01187234e+00 -2.16659869e-02  5.01187234e+00  0.00000000e+00 
 5.62341325e+00 -2.16659869e-02  5.62341325e+00  0.00000000e+00 
 6.30957344e+00 -2.16659869e-02  6.30957344e+00  0.00000000e+00 
 7.07945784e+00 -2.16659869e-02  7.07945784e+00  0.00000000e+00 
 7.94328235e+00 -2.16659869e-02  7.94328235e+00  0.00000000e+00 
 8.91250938e+00 -2.16659869e-02  8.91250938e+00  0.00000000e+00 
 1.00000000e+01 -2.16659869e-02  1.00000000e+01  0.00000000e+00 
 1.12201845e+01 -2.16659869e-02  1.12201845e+01  0.00000000e+00 
 1.25892541e+01 -2.16659869e-02  1.25892541e+01  0.00000000e+00 
 1.41253754e+01 -2.16659869e-02  1.41253754e+01  0.00000000e+00 
 1.58489319e+01 -2.16659869e-02  1.58489319e+01  0.00000000e+00 
 1.77827941e+01 -2.16659869e-02  1.77827941e+01  0.00000000e+00 
 1.99526231e+01 -2.16659869e-02  1.99526231e+01  0.00000000e+00 
 2.23872114e+01 -2.16659869e-02  2.23872114e+01  0.00000000e+00 
 2.51188643e+01 -2.16659869e-02  2.51188643e+01  0.00000000e+00 
 2.81838293e+01 -2.16659869e-02  2.81838293e+01  0.00000000e+00 
 3.16227766e+01 -2.16659869e-02  3.16227766e+01  0.00000000e+00 
 3.54813389e+01 -2.16659869e-02  3.54813389e+01  0.00000000e+00 
 3.98107171e+01 -2.16659869e-02  3.98107171e+01  0.00000000e+00 
 4.46683592e+01 -2.16659869e-02  4.46683592e+01  0.00000000e+00 
 5.01187234e+01 -2.16659869e-02  5.01187234e+01  0.00000000e+00 
 5.62341325e+01 -2.16659869e-02  5.62341325e+01  0.00000000e+00 
 6.30957344e+01 -2.16659869e-02  6.30957344e+01  0.00000000e+00 
 7.07945784e+01 -2.16659869e-02  7.07945784e+01  0.00000000e+00 
 7.94328235e+01 -2.16659869e-02  7.94328235e+01  0.00000000e+00 
 8.91250938e+01 -2.16659869e-02  8.91250938e+01  0.00000000e+00 
 1.00000000e+02 -2.16659869e-02  1.00000000e+02  0.00000000e+00 
 1.12201845e+02 -2.16659869e-02  1.12201845e+02  0.00000000e+00 
 1.25892541e+02 -2.16659869e-02  1.25892541e+02  0.00000000e+00 
 1.41253754e+02 -2.16659869e-02  1.41253754e+02  0.00000000e+00 
 1.58489319e+02 -2.16659869e-02  1.58489319e+02  0.00000000e+00 
 1.77827941e+02 -2.16659869e-02  1.77827941e+02  0.00000000e+00 
 1.99526231e+02 -2.16659869e-02  1.99526231e+02  0.00000000e+00 
 2.23872114e+02 -2.16659869e-02  2.23872114e+02  0.00000000e+00 
 2.51188643e+02 -2.16659869e-02  2.51188643e+02  0.00000000e+00 
 2.81838293e+02 -2.16659869e-02  2.81838293e+02  0.00000000e+00 
 3.16227766e+02 -2.16659869e-02  3.16227766e+02  0.00000000e+00 
 3.54813389e+02 -2.16659869e-02  3.54813389e+02  0.00000000e+00 
 3.98107171e+02 -2.16659869e-02  3.98107171e+02  0.00000000e+00 
 4.46683592e+02 -2.16659869e-02  4.46683592e+02  0.00000000e+00 
 5.01187234e+02 -2.16659869e-02  5.01187234e+02  0.00000000e+00 
 5.62341325e+02 -2.16659869e-02  5.62341325e+02  0.00000000e+00 
 6.30957344e+02 -2.16659869e-02  6.30957344e+02  0.00000000e+00 
 7.07945784e+02 -2.16659869e-02  7.07945784e+02  0.00000000e+00 
 7.94328235e+02 -2.16659869e-02  7.94328235e+02  0.00000000e+00 
 8.91250938e+02 -2.16659869e-02  8.91250938e+02  0.00000000e+00 
 1.00000000e+03 -2.16659869e-02  1.00000000e+03  0.00000000e+00 
 1.12201845e+03 -2.16659869e-02  1.12201845e+03  0.00000000e+00 
 1.25892541e+03 -2.16659869e-02  1.25892541e+03  0.00000000e+00 
 1.41253754e+03 -2.16659869e-02  1.41253754e+03  0.00000000e+00 
 1.58489319e+03 -2.16659869e-02  1.58489319e+03  0.00000000e+00 
 1.77827941e+03 -2.16659869e-02  1.77827941e+03  0.00000000e+00 
 1.99526231e+03 -2.16659869e-02  1.99526231e+03  0.00000000e+00 
 2.23872114e+03 -2.16659869e-02  2.23872114e+03  0.00000000e+00 
 2.51188643e+03 -2.16659869e-02  2.51188643e+03  0.00000000e+00 
 2.81838293e+03 -2.16659869e-02  2.81838293e+03  0.00000000e+00 
 3.16227766e+03 -2.16659869e-02  3.16227766e+03  0.00000000e+00 
 3.54813389e+03 -2.16659869e-02  3.54813389e+03  0.00000000e+00 
 3.98107171e+03 -2.16659869e-02  3.98107171e+03  0.00000000e+00 
 4.46683592e+03 -2.16659869e-02  4.46683592e+03  0.00000000e+00 
 5.01187234e+03 -2.16659869e-02  5.01187234e+03  0.00000000e+00 
 5.62341325e+03 -2.16659869e-02  5.62341325e+03  0.00000000e+00 
 6.30957344e+03 -2.16659869e-02  6.30957344e+03  0.00000000e+00 
 7.07945784e+03 -2.16659869e-02  7.07945784e+03  0.00000000e+00 
 7.94328235e+03 -2.16659869e-02  7.94328235e+03  0.00000000e+00 
 8.91250938e+03 -2.16659869e-02  8.91250938e+03  0.00000000e+00 
 1.00000000e+04 -2.16659869e-02  1.00000000e+04  0.00000000e+00 
 1.12201845e+04 -2.16659869e-02  1.12201845e+04  0.00000000e+00 
 1.25892541e+04 -2.16659869e-02  1.25892541e+04  0.00000000e+00 
 1.41253754e+04 -2.16659869e-02  1.41253754e+04  0.00000000e+00 
 1.58489319e+04 -2.16659869e-02  1.58489319e+04  0.00000000e+00 
 1.77827941e+04 -2.16659869e-02  1.77827941e+04  0.00000000e+00 
 1.99526231e+04 -2.16659869e-02  1.99526231e+04  0.00000000e+00 
 2.23872114e+04 -2.16659869e-02  2.23872114e+04  0.00000000e+00 
 2.51188643e+04 -2.16659869e-02  2.51188643e+04  0.00000000e+00 
 2.81838293e+04 -2.16659869e-02  2.81838293e+04  0.00000000e+00 
 3.16227766e+04 -2.16659869e-02  3.16227766e+04  0.00000000e+00 
 3.54813389e+04 -2.16659869e-02  3.54813389e+04  0.00000000e+00 
 3.98107171e+04 -2.16659869e-02  3.98107171e+04  0.00000000e+00 
 4.46683592e+04 -2.16659869e-02  4.46683592e+04  0.00000000e+00 
 5.01187234e+04 -2.16659869e-02  5.01187234e+04  0.00000000e+00 
 5.62341325e+04 -2.16659869e-02  5.62341325e+04  0.00000000e+00 
 6.30957344e+04 -2.16659869e-02  6.30957344e+04  0.00000000e+00 
 7.07945784e+04 -2.16659869e-02  7.07945784e+04  0.00000000e+00 
 7.94328235e+04 -2.16659869e-02  7.94328235e+04  0.00000000e+00 
 8.91250938e+04 -2.16659869e-02  8.91250938e+04  0.00000000e+00 
 1.00000000e+05 -2.16659869e-02  1.00000000e+05  0.00000000e+00 
 1.12201845e+05 -2.16659869e-02  1.12201845e+05  0.00000000e+00 
 1.25892541e+05 -2.16659869e-02  1.25892541e+05  0.00000000e+00 
 1.41253754e+05 -2.16659869e-02  1.41253754e+05  0.00000000e+00 
 1.58489319e+05 -2.16659869e-02  1.58489319e+05  0.00000000e+00 
 1.77827941e+05 -2.16659869e-02  1.77827941e+05  0.00000000e+00 
 1.99526231e+05 -2.16659869e-02  1.99526231e+05  0.00000000e+00 
 2.23872114e+05 -2.16659869e-02  2.23872114e+05  0.00000000e+00 
 2.51188643e+05 -2.16659869e-02  2.51188643e+05  0.00000000e+00 
 2.81838293e+05 -2.16659869e-02  2.81838293e+05  0.00000000e+00 
 3.16227766e+05 -2.16659869e-02  3.16227766e+05  0.00000000e+00 
 3.54813389e+05 -2.16659869e-02  3.54813389e+05  0.00000000e+00 
 3.98107171e+05 -2.16659869e-02  3.98107171e+05  0.00000000e+00 
 4.46683592e+05 -2.16659869e-02  4.46683592e+05  0.00000000e+00 
 5.01187234e+05 -2.16659869e-02  5.01187234e+05  0.00000000e+00 
 5.62341325e+05 -2.16659869e-02  5.62341325e+05  0.00000000e+00 
 6.30957344e+05 -2.16659869e-02  6.30957344e+05  0.00000000e+00 
 7.07945784e+05 -2.16659869e-02  7.07945784e+05  0.00000000e+00 
 7.94328235e+05 -2.16659869e-02  7.94328235e+05  0.00000000e+00 
 8.91250938e+05 -2.16659869e-02  8.91250938e+05  0.00000000e+00 
 1.00000000e+06 -2.16659869e-02  1.00000000e+06  0.00000000e+00 
