 0.00000000e+00  0.00000000e+00  0.00000000e+00  0.00000000e+00 
 1.00000000e-07  1.25663698e-03  1.00000000e-07  1.25350634e-03 
 2.00000000e-07  2.51327346e-03  2.00000000e-07  2.50701219e-03 
 4.00000000e-07  5.02654295e-03  4.00000000e-07  5.01402043e-03 
 8.00000000e-07  1.00530542e-02  8.00000000e-07  1.00280092e-02 
 1.60000000e-06  2.01058543e-02  1.60000000e-06  2.00557650e-02 
 3.20000000e-06  4.02096767e-02  3.20000000e-06  4.01095031e-02 
 6.40000000e-06  8.04030987e-02  6.40000000e-06  8.02027921e-02 
 1.28000000e-05  1.60676200e-01  1.28000000e-05  1.60275911e-01 
 2.28000000e-05  2.85534262e-01  2.28000000e-05  2.84822916e-01 
 3.28000000e-05  4.09265451e-01  3.28000000e-05  4.08245856e-01 
 4.28000000e-05  5.31381456e-01  4.28000000e-05  5.30057636e-01 
 5.28000000e-05  6.51400341e-01  5.28000000e-05  6.49777520e-01 
 6.28000000e-05  7.68848447e-01  6.28000000e-05  7.66933030e-01 
 7.28000000e-05  8.83262259e-01  7.28000000e-05  8.81061805e-01 
 8.28000000e-05  9.94190238e-01  8.28000000e-05  9.91713431e-01 
 9.28000000e-05  1.10119460e+00  9.28000000e-05  1.09845122e+00 
 1.02800000e-04  1.20385306e+00  1.02800000e-04  1.20085392e+00 
 1.12800000e-04  1.30176045e+00  1.12800000e-04  1.29851740e+00 
 1.22800000e-04  1.39453039e+00  1.22800000e-04  1.39105622e+00 
 1.32800000e-04  1.48179676e+00  1.32800000e-04  1.47810519e+00 
 1.42800000e-04  1.56321515e+00  1.42800000e-04  1.55932074e+00 
 1.52800000e-04  1.63846425e+00  1.52800000e-04  1.63438237e+00 
 1.62800000e-04  1.70724707e+00  1.62800000e-04  1.70299384e+00 
 1.72800000e-04  1.76929217e+00  1.72800000e-04  1.76488437e+00 
 1.82800000e-04  1.82435469e+00  1.82800000e-04  1.81980971e+00 
 1.92800000e-04  1.87221731e+00  1.92800000e-04  1.86755309e+00 
 2.02800000e-04  1.91269114e+00  2.02800000e-04  1.90792609e+00 
 2.12800000e-04  1.94561645e+00  2.12800000e-04  1.94076938e+00 
 2.22800000e-04  1.97086331e+00  2.22800000e-04  1.96595334e+00 
 2.32800000e-04  1.98833207e+00  2.32800000e-04  1.98337857e+00 
 2.42800000e-04  1.99795379e+00  2.42800000e-04  1.99297632e+00 
 2.52800000e-04  1.99969050e+00  2.52800000e-04  1.99470871e+00 
 2.62800000e-04  1.99353534e+00  2.62800000e-04  1.98856889e+00 
 2.72800000e-04  1.97951261e+00  2.72800000e-04  1.97458109e+00 
 2.82800000e-04  1.95767765e+00  2.82800000e-04  1.95280053e+00 
 2.92800000e-04  1.92811663e+00  2.92800000e-04  1.92331315e+00 
 3.02800000e-04  1.89094622e+00  3.02800000e-04  1.88623534e+00 
 3.12800000e-04  1.84631310e+00  3.12800000e-04  1.84171342e+00 
 3.22800000e-04  1.79439343e+00  3.22800000e-04  1.78992309e+00 
 3.32800000e-04  1.73539211e+00  3.32800000e-04  1.73106876e+00 
 3.42800000e-04  1.66954199e+00  3.42800000e-04  1.66538269e+00 
 3.52800000e-04  1.59710295e+00  3.52800000e-04  1.59312411e+00 
 3.62800000e-04  1.51836087e+00  3.62800000e-04  1.51457821e+00 
 3.72800000e-04  1.43362652e+00  3.72800000e-04  1.43005495e+00 
 3.82800000e-04  1.34323429e+00  3.82800000e-04  1.33988792e+00 
 3.92800000e-04  1.24754094e+00  3.92800000e-04  1.24443297e+00 
 4.02800000e-04  1.14692411e+00  4.02800000e-04  1.14406680e+00 
 4.12800000e-04  1.04178090e+00  4.12800000e-04  1.03918553e+00 
 4.22800000e-04  9.32526250e-01  4.22800000e-04  9.30203066e-01 
 4.32800000e-04  8.19591348e-01  4.32800000e-04  8.17549516e-01 
 4.42800000e-04  7.03421893e-01  4.42800000e-04  7.01669472e-01 
 4.52800000e-04  5.84476353e-01  4.52800000e-04  5.83020259e-01 
 4.62800000e-04  4.63224152e-01  4.62800000e-04  4.62070131e-01 
 4.72800000e-04  3.40143817e-01  4.72800000e-04  3.39296424e-01 
 4.82800000e-04  2.15721090e-01  4.82800000e-04  2.15183668e-01 
 4.92800000e-04  9.04470102e-02  4.92800000e-04  9.02216813e-02 
 5.02800000e-04 -3.51840227e-02  5.02800000e-04 -3.50963694e-02 
 5.12800000e-04 -1.60676200e-01  5.12800000e-04 -1.60275911e-01 
 5.22800000e-04 -2.85534262e-01  5.22800000e-04 -2.84822916e-01 
 5.32800000e-04 -4.09265451e-01  5.32800000e-04 -4.08245856e-01 
 5.42800000e-04 -5.31381456e-01  5.42800000e-04 -5.30057636e-01 
 5.52800000e-04 -6.51400341e-01  5.52800000e-04 -6.49777520e-01 
 5.62800000e-04 -7.68848447e-01  5.62800000e-04 -7.66933030e-01 
 5.72800000e-04 -8.83262259e-01  5.72800000e-04 -8.81061805e-01 
 5.82800000e-04 -9.94190238e-01  5.82800000e-04 -9.91713431e-01 
 5.92800000e-04 -1.10119460e+00  5.92800000e-04 -1.09845122e+00 
 6.02800000e-04 -1.20385306e+00  6.02800000e-04 -1.20085392e+00 
 6.12800000e-04 -1.30176045e+00  6.12800000e-04 -1.29851740e+00 
 6.22800000e-04 -1.39453039e+00  6.22800000e-04 -1.39105622e+00 
 6.32800000e-04 -1.48179676e+00  6.32800000e-04 -1.47810519e+00 
 6.42800000e-04 -1.56321515e+00  6.42800000e-04 -1.55932074e+00 
 6.52800000e-04 -1.63846425e+00  6.52800000e-04 -1.63438237e+00 
 6.62800000e-04 -1.70724707e+00  6.62800000e-04 -1.70299384e+00 
 6.72800000e-04 -1.76929217e+00  6.72800000e-04 -1.76488437e+00 
 6.82800000e-04 -1.82435469e+00  6.82800000e-04 -1.81980971e+00 
 6.92800000e-04 -1.87221731e+00  6.92800000e-04 -1.86755309e+00 
 7.02800000e-04 -1.91269114e+00  7.02800000e-04 -1.90792609e+00 
 7.12800000e-04 -1.94561645e+00  7.12800000e-04 -1.94076938e+00 
 7.22800000e-04 -1.97086331e+00  7.22800000e-04 -1.96595334e+00 
 7.32800000e-04 -1.98833207e+00  7.32800000e-04 -1.98337857e+00 
 7.42800000e-04 -1.99795379e+00  7.42800000e-04 -1.99297632e+00 
 7.52800000e-04 -1.99969050e+00  7.52800000e-04 -1.99470871e+00 
 7.62800000e-04 -1.99353534e+00  7.62800000e-04 -1.98856889e+00 
 7.72800000e-04 -1.97951261e+00  7.72800000e-04 -1.97458109e+00 
 7.82800000e-04 -1.95767765e+00  7.82800000e-04 -1.95280053e+00 
 7.92800000e-04 -1.92811663e+00  7.92800000e-04 -1.92331315e+00 
 8.02800000e-04 -1.89094622e+00  8.02800000e-04 -1.88623534e+00 
 8.12800000e-04 -1.84631310e+00  8.12800000e-04 -1.84171342e+00 
 8.22800000e-04 -1.79439343e+00  8.22800000e-04 -1.78992309e+00 
 8.32800000e-04 -1.73539211e+00  8.32800000e-04 -1.73106876e+00 
 8.42800000e-04 -1.66954199e+00  8.42800000e-04 -1.66538269e+00 
 8.52800000e-04 -1.59710295e+00  8.52800000e-04 -1.59312411e+00 
 8.62800000e-04 -1.51836087e+00  8.62800000e-04 -1.51457821e+00 
 8.72800000e-04 -1.43362652e+00  8.72800000e-04 -1.43005495e+00 
 8.82800000e-04 -1.34323429e+00  8.82800000e-04 -1.33988792e+00 
 8.92800000e-04 -1.24754094e+00  8.92800000e-04 -1.24443297e+00 
 9.02800000e-04 -1.14692411e+00  9.02800000e-04 -1.14406680e+00 
 9.12800000e-04 -1.04178090e+00  9.12800000e-04 -1.03918553e+00 
 9.22800000e-04 -9.32526250e-01  9.22800000e-04 -9.30203066e-01 
 9.32800000e-04 -8.19591348e-01  9.32800000e-04 -8.17549516e-01 
 9.42800000e-04 -7.03421893e-01  9.42800000e-04 -7.01669472e-01 
 9.52800000e-04 -5.84476353e-01  9.52800000e-04 -5.83020259e-01 
 9.62800000e-04 -4.63224152e-01  9.62800000e-04 -4.62070131e-01 
 9.72800000e-04 -3.40143817e-01  9.72800000e-04 -3.39296424e-01 
 9.82800000e-04 -2.15721090e-01  9.82800000e-04 -2.15183668e-01 
 9.92800000e-04 -9.04470102e-02  9.92800000e-04 -9.02216813e-02 
 1.00280000e-03  3.51840227e-02  1.00280000e-03  3.50963694e-02 
 1.01280000e-03  1.60676200e-01  1.01280000e-03  1.60275911e-01 
 1.02280000e-03  2.85534262e-01  1.02280000e-03  2.84822916e-01 
 1.03280000e-03  4.09265451e-01  1.03280000e-03  4.08245856e-01 
 1.04280000e-03  5.31381456e-01  1.04280000e-03  5.30057636e-01 
 1.05280000e-03  6.51400341e-01  1.05280000e-03  6.49777520e-01 
 1.06280000e-03  7.68848447e-01  1.06280000e-03  7.66933030e-01 
 1.07280000e-03  8.83262259e-01  1.07280000e-03  8.81061805e-01 
 1.08280000e-03  9.94190238e-01  1.08280000e-03  9.91713431e-01 
 1.09280000e-03  1.10119460e+00  1.09280000e-03  1.09845122e+00 
 1.10280000e-03  1.20385306e+00  1.10280000e-03  1.20085392e+00 
 1.11280000e-03  1.30176045e+00  1.11280000e-03  1.29851740e+00 
 1.12280000e-03  1.39453039e+00  1.12280000e-03  1.39105622e+00 
 1.13280000e-03  1.48179676e+00  1.13280000e-03  1.47810519e+00 
 1.14280000e-03  1.56321515e+00  1.14280000e-03  1.55932074e+00 
 1.15280000e-03  1.63846425e+00  1.15280000e-03  1.63438237e+00 
 1.16280000e-03  1.70724707e+00  1.16280000e-03  1.70299384e+00 
 1.17280000e-03  1.76929217e+00  1.17280000e-03  1.76488437e+00 
 1.18280000e-03  1.82435469e+00  1.18280000e-03  1.81980971e+00 
 1.19280000e-03  1.87221731e+00  1.19280000e-03  1.86755309e+00 
 1.20280000e-03  1.91269114e+00  1.20280000e-03  1.90792609e+00 
 1.21280000e-03  1.94561645e+00  1.21280000e-03  1.94076938e+00 
 1.22280000e-03  1.97086331e+00  1.22280000e-03  1.96595334e+00 
 1.23280000e-03  1.98833207e+00  1.23280000e-03  1.98337857e+00 
 1.24280000e-03  1.99795379e+00  1.24280000e-03  1.99297632e+00 
 1.25280000e-03  1.99969050e+00  1.25280000e-03  1.99470871e+00 
 1.26280000e-03  1.99353534e+00  1.26280000e-03  1.98856889e+00 
 1.27280000e-03  1.97951261e+00  1.27280000e-03  1.97458109e+00 
 1.28280000e-03  1.95767765e+00  1.28280000e-03  1.95280053e+00 
 1.29280000e-03  1.92811663e+00  1.29280000e-03  1.92331315e+00 
 1.30280000e-03  1.89094622e+00  1.30280000e-03  1.88623534e+00 
 1.31280000e-03  1.84631310e+00  1.31280000e-03  1.84171342e+00 
 1.32280000e-03  1.79439343e+00  1.32280000e-03  1.78992309e+00 
 1.33280000e-03  1.73539211e+00  1.33280000e-03  1.73106876e+00 
 1.34280000e-03  1.66954199e+00  1.34280000e-03  1.66538269e+00 
 1.35280000e-03  1.59710295e+00  1.35280000e-03  1.59312411e+00 
 1.36280000e-03  1.51836087e+00  1.36280000e-03  1.51457821e+00 
 1.37280000e-03  1.43362652e+00  1.37280000e-03  1.43005495e+00 
 1.38280000e-03  1.34323429e+00  1.38280000e-03  1.33988792e+00 
 1.39280000e-03  1.24754094e+00  1.39280000e-03  1.24443297e+00 
 1.40280000e-03  1.14692411e+00  1.40280000e-03  1.14406680e+00 
 1.41280000e-03  1.04178090e+00  1.41280000e-03  1.03918553e+00 
 1.42280000e-03  9.32526250e-01  1.42280000e-03  9.30203066e-01 
 1.43280000e-03  8.19591348e-01  1.43280000e-03  8.17549516e-01 
 1.44280000e-03  7.03421893e-01  1.44280000e-03  7.01669472e-01 
 1.45280000e-03  5.84476353e-01  1.45280000e-03  5.83020259e-01 
 1.46280000e-03  4.63224152e-01  1.46280000e-03  4.62070131e-01 
 1.47280000e-03  3.40143817e-01  1.47280000e-03  3.39296424e-01 
 1.48280000e-03  2.15721090e-01  1.48280000e-03  2.15183668e-01 
 1.49280000e-03  9.04470102e-02  1.49280000e-03  9.02216813e-02 
 1.50280000e-03 -3.51840227e-02  1.50280000e-03 -3.50963694e-02 
 1.51280000e-03 -1.60676200e-01  1.51280000e-03 -1.60275911e-01 
 1.52280000e-03 -2.85534262e-01  1.52280000e-03 -2.84822916e-01 
 1.53280000e-03 -4.09265451e-01  1.53280000e-03 -4.08245856e-01 
 1.54280000e-03 -5.31381456e-01  1.54280000e-03 -5.30057636e-01 
 1.55280000e-03 -6.51400341e-01  1.55280000e-03 -6.49777520e-01 
 1.56280000e-03 -7.68848447e-01  1.56280000e-03 -7.66933030e-01 
 1.57280000e-03 -8.83262259e-01  1.57280000e-03 -8.81061805e-01 
 1.58280000e-03 -9.94190238e-01  1.58280000e-03 -9.91713431e-01 
 1.59280000e-03 -1.10119460e+00  1.59280000e-03 -1.09845122e+00 
 1.60280000e-03 -1.20385306e+00  1.60280000e-03 -1.20085392e+00 
 1.61280000e-03 -1.30176045e+00  1.61280000e-03 -1.29851740e+00 
 1.62280000e-03 -1.39453039e+00  1.62280000e-03 -1.39105622e+00 
 1.63280000e-03 -1.48179676e+00  1.63280000e-03 -1.47810519e+00 
 1.64280000e-03 -1.56321515e+00  1.64280000e-03 -1.55932074e+00 
 1.65280000e-03 -1.63846425e+00  1.65280000e-03 -1.63438237e+00 
 1.66280000e-03 -1.70724707e+00  1.66280000e-03 -1.70299384e+00 
 1.67280000e-03 -1.76929217e+00  1.67280000e-03 -1.76488437e+00 
 1.68280000e-03 -1.82435469e+00  1.68280000e-03 -1.81980971e+00 
 1.69280000e-03 -1.87221731e+00  1.69280000e-03 -1.86755309e+00 
 1.70280000e-03 -1.91269114e+00  1.70280000e-03 -1.90792609e+00 
 1.71280000e-03 -1.94561645e+00  1.71280000e-03 -1.94076938e+00 
 1.72280000e-03 -1.97086331e+00  1.72280000e-03 -1.96595334e+00 
 1.73280000e-03 -1.98833207e+00  1.73280000e-03 -1.98337857e+00 
 1.74280000e-03 -1.99795379e+00  1.74280000e-03 -1.99297632e+00 
 1.75280000e-03 -1.99969050e+00  1.75280000e-03 -1.99470871e+00 
 1.76280000e-03 -1.99353534e+00  1.76280000e-03 -1.98856889e+00 
 1.77280000e-03 -1.97951261e+00  1.77280000e-03 -1.97458109e+00 
 1.78280000e-03 -1.95767765e+00  1.78280000e-03 -1.95280053e+00 
 1.79280000e-03 -1.92811663e+00  1.79280000e-03 -1.92331315e+00 
 1.80280000e-03 -1.89094622e+00  1.80280000e-03 -1.88623534e+00 
 1.81280000e-03 -1.84631310e+00  1.81280000e-03 -1.84171342e+00 
 1.82280000e-03 -1.79439343e+00  1.82280000e-03 -1.78992309e+00 
 1.83280000e-03 -1.73539211e+00  1.83280000e-03 -1.73106876e+00 
 1.84280000e-03 -1.66954199e+00  1.84280000e-03 -1.66538269e+00 
 1.85280000e-03 -1.59710295e+00  1.85280000e-03 -1.59312411e+00 
 1.86280000e-03 -1.51836087e+00  1.86280000e-03 -1.51457821e+00 
 1.87280000e-03 -1.43362652e+00  1.87280000e-03 -1.43005495e+00 
 1.88280000e-03 -1.34323429e+00  1.88280000e-03 -1.33988792e+00 
 1.89280000e-03 -1.24754094e+00  1.89280000e-03 -1.24443297e+00 
 1.90280000e-03 -1.14692411e+00  1.90280000e-03 -1.14406680e+00 
 1.91280000e-03 -1.04178090e+00  1.91280000e-03 -1.03918553e+00 
 1.92280000e-03 -9.32526250e-01  1.92280000e-03 -9.30203066e-01 
 1.93280000e-03 -8.19591348e-01  1.93280000e-03 -8.17549516e-01 
 1.94280000e-03 -7.03421893e-01  1.94280000e-03 -7.01669472e-01 
 1.95280000e-03 -5.84476353e-01  1.95280000e-03 -5.83020259e-01 
 1.96280000e-03 -4.63224152e-01  1.96280000e-03 -4.62070131e-01 
 1.97280000e-03 -3.40143817e-01  1.97280000e-03 -3.39296424e-01 
 1.98280000e-03 -2.15721090e-01  1.98280000e-03 -2.15183668e-01 
 1.99280000e-03 -9.04470102e-02  1.99280000e-03 -9.02216813e-02 
 2.00280000e-03  3.51840227e-02  2.00280000e-03  3.50963694e-02 
 2.01280000e-03  1.60676200e-01  2.01280000e-03  1.60275911e-01 
 2.02280000e-03  2.85534262e-01  2.02280000e-03  2.84822916e-01 
 2.03280000e-03  4.09265451e-01  2.03280000e-03  4.08245856e-01 
 2.04280000e-03  5.31381456e-01  2.04280000e-03  5.30057636e-01 
 2.05280000e-03  6.51400341e-01  2.05280000e-03  6.49777520e-01 
 2.06280000e-03  7.68848447e-01  2.06280000e-03  7.66933030e-01 
 2.07280000e-03  8.83262259e-01  2.07280000e-03  8.81061805e-01 
 2.08280000e-03  9.94190238e-01  2.08280000e-03  9.91713431e-01 
 2.09280000e-03  1.10119460e+00  2.09280000e-03  1.09845122e+00 
 2.10280000e-03  1.20385306e+00  2.10280000e-03  1.20085392e+00 
 2.11280000e-03  1.30176045e+00  2.11280000e-03  1.29851740e+00 
 2.12280000e-03  1.39453039e+00  2.12280000e-03  1.39105622e+00 
 2.13280000e-03  1.48179676e+00  2.13280000e-03  1.47810519e+00 
 2.14280000e-03  1.56321515e+00  2.14280000e-03  1.55932074e+00 
 2.15280000e-03  1.63846425e+00  2.15280000e-03  1.63438237e+00 
 2.16280000e-03  1.70724707e+00  2.16280000e-03  1.70299384e+00 
 2.17280000e-03  1.76929217e+00  2.17280000e-03  1.76488437e+00 
 2.18280000e-03  1.82435469e+00  2.18280000e-03  1.81980971e+00 
 2.19280000e-03  1.87221731e+00  2.19280000e-03  1.86755309e+00 
 2.20280000e-03  1.91269114e+00  2.20280000e-03  1.90792609e+00 
 2.21280000e-03  1.94561645e+00  2.21280000e-03  1.94076938e+00 
 2.22280000e-03  1.97086331e+00  2.22280000e-03  1.96595334e+00 
 2.23280000e-03  1.98833207e+00  2.23280000e-03  1.98337857e+00 
 2.24280000e-03  1.99795379e+00  2.24280000e-03  1.99297632e+00 
 2.25280000e-03  1.99969050e+00  2.25280000e-03  1.99470871e+00 
 2.26280000e-03  1.99353534e+00  2.26280000e-03  1.98856889e+00 
 2.27280000e-03  1.97951261e+00  2.27280000e-03  1.97458109e+00 
 2.28280000e-03  1.95767765e+00  2.28280000e-03  1.95280053e+00 
 2.29280000e-03  1.92811663e+00  2.29280000e-03  1.92331315e+00 
 2.30280000e-03  1.89094622e+00  2.30280000e-03  1.88623534e+00 
 2.31280000e-03  1.84631310e+00  2.31280000e-03  1.84171342e+00 
 2.32280000e-03  1.79439343e+00  2.32280000e-03  1.78992309e+00 
 2.33280000e-03  1.73539211e+00  2.33280000e-03  1.73106876e+00 
 2.34280000e-03  1.66954199e+00  2.34280000e-03  1.66538269e+00 
 2.35280000e-03  1.59710295e+00  2.35280000e-03  1.59312411e+00 
 2.36280000e-03  1.51836087e+00  2.36280000e-03  1.51457821e+00 
 2.37280000e-03  1.43362652e+00  2.37280000e-03  1.43005495e+00 
 2.38280000e-03  1.34323429e+00  2.38280000e-03  1.33988792e+00 
 2.39280000e-03  1.24754094e+00  2.39280000e-03  1.24443297e+00 
 2.40280000e-03  1.14692411e+00  2.40280000e-03  1.14406680e+00 
 2.41280000e-03  1.04178090e+00  2.41280000e-03  1.03918553e+00 
 2.42280000e-03  9.32526250e-01  2.42280000e-03  9.30203066e-01 
 2.43280000e-03  8.19591348e-01  2.43280000e-03  8.17549516e-01 
 2.44280000e-03  7.03421893e-01  2.44280000e-03  7.01669472e-01 
 2.45280000e-03  5.84476353e-01  2.45280000e-03  5.83020259e-01 
 2.46280000e-03  4.63224152e-01  2.46280000e-03  4.62070131e-01 
 2.47280000e-03  3.40143817e-01  2.47280000e-03  3.39296424e-01 
 2.48280000e-03  2.15721090e-01  2.48280000e-03  2.15183668e-01 
 2.49280000e-03  9.04470102e-02  2.49280000e-03  9.02216813e-02 
 2.50280000e-03 -3.51840227e-02  2.50280000e-03 -3.50963694e-02 
 2.51280000e-03 -1.60676200e-01  2.51280000e-03 -1.60275911e-01 
 2.52280000e-03 -2.85534262e-01  2.52280000e-03 -2.84822916e-01 
 2.53280000e-03 -4.09265451e-01  2.53280000e-03 -4.08245856e-01 
 2.54280000e-03 -5.31381456e-01  2.54280000e-03 -5.30057636e-01 
 2.55280000e-03 -6.51400341e-01  2.55280000e-03 -6.49777520e-01 
 2.56280000e-03 -7.68848447e-01  2.56280000e-03 -7.66933030e-01 
 2.57280000e-03 -8.83262259e-01  2.57280000e-03 -8.81061805e-01 
 2.58280000e-03 -9.94190238e-01  2.58280000e-03 -9.91713431e-01 
 2.59280000e-03 -1.10119460e+00  2.59280000e-03 -1.09845122e+00 
 2.60280000e-03 -1.20385306e+00  2.60280000e-03 -1.20085392e+00 
 2.61280000e-03 -1.30176045e+00  2.61280000e-03 -1.29851740e+00 
 2.62280000e-03 -1.39453039e+00  2.62280000e-03 -1.39105622e+00 
 2.63280000e-03 -1.48179676e+00  2.63280000e-03 -1.47810519e+00 
 2.64280000e-03 -1.56321515e+00  2.64280000e-03 -1.55932074e+00 
 2.65280000e-03 -1.63846425e+00  2.65280000e-03 -1.63438237e+00 
 2.66280000e-03 -1.70724707e+00  2.66280000e-03 -1.70299384e+00 
 2.67280000e-03 -1.76929217e+00  2.67280000e-03 -1.76488437e+00 
 2.68280000e-03 -1.82435469e+00  2.68280000e-03 -1.81980971e+00 
 2.69280000e-03 -1.87221731e+00  2.69280000e-03 -1.86755309e+00 
 2.70280000e-03 -1.91269114e+00  2.70280000e-03 -1.90792609e+00 
 2.71280000e-03 -1.94561645e+00  2.71280000e-03 -1.94076938e+00 
 2.72280000e-03 -1.97086331e+00  2.72280000e-03 -1.96595334e+00 
 2.73280000e-03 -1.98833207e+00  2.73280000e-03 -1.98337857e+00 
 2.74280000e-03 -1.99795379e+00  2.74280000e-03 -1.99297632e+00 
 2.75280000e-03 -1.99969050e+00  2.75280000e-03 -1.99470871e+00 
 2.76280000e-03 -1.99353534e+00  2.76280000e-03 -1.98856889e+00 
 2.77280000e-03 -1.97951261e+00  2.77280000e-03 -1.97458109e+00 
 2.78280000e-03 -1.95767765e+00  2.78280000e-03 -1.95280053e+00 
 2.79280000e-03 -1.92811663e+00  2.79280000e-03 -1.92331315e+00 
 2.80280000e-03 -1.89094622e+00  2.80280000e-03 -1.88623534e+00 
 2.81280000e-03 -1.84631310e+00  2.81280000e-03 -1.84171342e+00 
 2.82280000e-03 -1.79439343e+00  2.82280000e-03 -1.78992309e+00 
 2.83280000e-03 -1.73539211e+00  2.83280000e-03 -1.73106876e+00 
 2.84280000e-03 -1.66954199e+00  2.84280000e-03 -1.66538269e+00 
 2.85280000e-03 -1.59710295e+00  2.85280000e-03 -1.59312411e+00 
 2.86280000e-03 -1.51836087e+00  2.86280000e-03 -1.51457821e+00 
 2.87280000e-03 -1.43362652e+00  2.87280000e-03 -1.43005495e+00 
 2.88280000e-03 -1.34323429e+00  2.88280000e-03 -1.33988792e+00 
 2.89280000e-03 -1.24754094e+00  2.89280000e-03 -1.24443297e+00 
 2.90280000e-03 -1.14692411e+00  2.90280000e-03 -1.14406680e+00 
 2.91280000e-03 -1.04178090e+00  2.91280000e-03 -1.03918553e+00 
 2.92280000e-03 -9.32526250e-01  2.92280000e-03 -9.30203066e-01 
 2.93280000e-03 -8.19591348e-01  2.93280000e-03 -8.17549516e-01 
 2.94280000e-03 -7.03421893e-01  2.94280000e-03 -7.01669472e-01 
 2.95280000e-03 -5.84476353e-01  2.95280000e-03 -5.83020259e-01 
 2.96280000e-03 -4.63224152e-01  2.96280000e-03 -4.62070131e-01 
 2.97280000e-03 -3.40143817e-01  2.97280000e-03 -3.39296424e-01 
 2.98280000e-03 -2.15721090e-01  2.98280000e-03 -2.15183668e-01 
 2.99140000e-03 -1.08018204e-01  2.99140000e-03 -1.07749100e-01 
 3.00000000e-03 -1.46957616e-15  3.00000000e-03 -1.47083095e-15 
